COM_Y
6.198716
6.198746
6.198767
6.198782
6.198788
6.198787
6.198779
6.198763
6.198740
6.198709
6.198671
6.198626
6.198573
6.198514
6.198447
6.198373
6.198291
6.198203
6.198107
6.198005
6.197896
6.197779
6.197656
6.197526
6.197389
6.197245
6.197094
6.196936
6.196772
6.196601
6.196424
6.196240
6.196049
6.195852
6.195648
6.195438
6.195221
6.194998
6.194768
6.194532
6.194290
6.194041
6.193786
6.193525
6.193258
6.192984
6.192705
6.192419
6.192127
6.191829
6.191525
6.191215
6.190900
6.190578
6.190250
6.189917
6.189577
6.189232
6.188881
6.188524
6.188162
6.187794
6.187420
6.187041
6.186656
6.186266
6.185869
6.185468
6.185061
6.184648
6.184231
6.183807
6.183379
6.182945
6.182505
6.182061
6.181611
6.181156
6.180696
6.180230
6.179760
6.179284
6.178804
6.178318
6.177827
6.177331
6.176831
6.176325
6.175815
6.175299
6.174779
6.174254
6.173724
6.173189
6.172650
6.172105
6.171557
6.171003
6.170445
6.169882
6.169315
6.168743
6.168166
6.167585
6.167000
6.166410
6.165815
6.165216
6.164613
6.164006
6.163394
6.162778
6.162157
6.161532
6.160904
6.160270
6.159633
6.158992
6.158346
6.157696
6.157042
6.156384
6.155723
6.155057
6.154387
6.153713
6.153035
6.152353
6.151668
6.150978
6.150285
6.149588
6.148887
6.148182
6.147474
6.146761
6.146045
6.145326
6.144603
6.143876
6.143145
6.142411
6.141673
6.140932
6.140188
6.139439
6.138688
6.137933
6.137174
6.136412
6.135647
6.134878
6.134106
6.133331
6.132552
6.131770
6.130985
6.130196
6.129405
6.128610
6.127812
6.127011
6.126206
6.125399
6.124588
6.123775
6.122958
6.122139
6.121316
6.120490
6.119662
6.118830
6.117996
6.117159
6.116318
6.115475
6.114629
6.113781
6.112929
6.112075
6.111218
6.110358
6.109495
6.108630
6.107762
6.106892
6.106018
6.105142
6.104264
6.103383
6.102499
6.101613
6.100724
6.099833
6.098940
6.098043
6.097145
6.096244
6.095340
6.094434
6.093526
6.092615
6.091702
6.090787
6.089869
6.088950
6.088027
6.087103
6.086176
6.085247
6.084316
6.083383
6.082448
6.081510
6.080570
6.079628
6.078685
6.077738
6.076790
6.075840
6.074888
6.073934
6.072978
6.072020
6.071059
6.070097
6.069133
6.068167
6.067200
6.066230
6.065258
6.064285
6.063310
6.062333
6.061354
6.060373
6.059391
6.058406
6.057421
6.056433
6.055444
6.054452
6.053460
6.052465
6.051469
6.050472
6.049472
6.048471
6.047469
6.046465
6.045459
6.044452
6.043444
6.042433
6.041422
6.040409
6.039394
6.038378
6.037360
6.036341
6.035321
6.034299
6.033276
6.032251
6.031226
6.030198
6.029170
6.028140
6.027109
6.026076
6.025042
6.024007
6.022971
6.021934
6.020895
6.019855
6.018814
6.017771
6.016728
6.015683
6.014637
6.013591
6.012542
6.011493
6.010443
6.009392
6.008339
6.007286
6.006231
6.005176
6.004119
6.003062
6.002003
6.000943
5.999883
5.998821
5.997759
5.996695
5.995631
5.994566
5.993500
5.992433
5.991365
5.990296
5.989226
5.988156
5.987084
5.986012
5.984939
5.983865
5.982790
5.981715
5.980639
5.979562
5.978484
5.977406
5.976327
5.975247
5.974166
5.973085
5.972002
5.970920
5.969836
5.968752
5.967667
5.966582
5.965496
5.964409
5.963322
5.962234
5.961146
5.960057
5.958967
5.957877
5.956786
5.955695
5.954603
5.953511
5.952418
5.951324
5.950230
5.949135
5.948040
5.946945
5.945849
5.944753
5.943656
5.942558
5.941460
5.940362
5.939263
5.938164
5.937065
5.935965
5.934865
5.933764
5.932662
5.931561
5.930459
5.929357
5.928254
5.927151
5.926048
5.924944
5.923840
5.922735
5.921631
5.920526
5.919421
5.918315
5.917209
5.916103
5.914996
5.913889
5.912782
5.911675
5.910567
5.909459
5.908351
5.907243
5.906134
5.905025
5.903916
5.902807
5.901698
5.900588
5.899478
5.898368
5.897257
5.896146
5.895036
5.893925
5.892813
5.891702
5.890590
5.889479
5.888367
5.887255
5.886142
5.885030
5.883917
5.882805
5.881692
5.880579
5.879466
5.878352
5.877239
5.876125
5.875011
5.873897
5.872783
5.871669
5.870555
5.869440
5.868326
5.867211
5.866096
5.864981
5.863866
5.862751
5.861636
5.860521
5.859405
5.858289
5.857174
5.856058
5.854942
5.853826
5.852709
5.851593
5.850477
5.849360
5.848244
5.847127
5.846010
5.844893
5.843776
5.842659
5.841542
5.840424
5.839307
5.838189
5.837072
5.835954
5.834836
5.833718
5.832599
5.831481
5.830363
5.829244
5.828125
5.827007
5.825888
5.824769
5.823649
5.822530
5.821411
5.820291
5.819171
5.818051
5.816931
5.815811
5.814691
5.813570
5.812449
5.811328
5.810207
5.809086
5.807965
5.806843
5.805721
5.804599
5.803477
5.802355
5.801232
5.800109
5.798986
5.797862
5.796739
5.795615
5.794491
5.793367
5.792243
5.791118
5.789993
5.788867
5.787742
5.786616
5.785489
5.784363
5.783236
5.782109
5.780982
5.779854
5.778726
5.777598
5.776469
5.775339
5.774210
2.969984
2.969403
2.968821
2.968240
2.967658
2.967077
2.966495
2.965914
2.965332
2.964751
2.964169
2.963588
2.963006
2.962425
2.961844
2.961262
2.960681
2.960099
2.959518
2.958936
2.958354
2.957772
2.957191
2.956609
2.956027
2.955445
2.954862
2.954280
2.953698
2.953116
2.952533
2.951950
2.951367
2.950785
2.950202
2.949618
2.949035
2.948451
2.947868
2.947284
2.946700
2.946115
2.945531
2.944946
2.944361
2.943776
2.943191
2.942605
2.942020
2.941433
2.940847
2.940260
2.939673
2.939086
2.938499
2.937911
2.937323
2.936734
2.936146
2.935556
2.934967
2.934377
2.933787
2.933196
2.932605
2.932014
2.931422
2.930829
2.930237
2.929644
2.929050
2.928456
2.927861
2.927266
2.926671
2.926074
2.925478
2.924881
2.924283
2.923685
2.923086
2.922486
2.921886
2.921286
2.920684
2.920082
2.919480
2.918877
2.918273
2.917668
2.917063
2.916457
2.915850
2.915243
2.914635
2.914026
2.913416
2.912805
2.912194
2.911582
2.910969
2.910355
2.909740
2.909125
2.908508
2.907891
2.907273
2.906653
2.906033
2.905412
2.904790
2.904167
2.903542
2.902917
2.902291
2.901663
2.901035
2.900405
2.899775
2.899143
2.898510
2.897876
2.897240
2.896604
2.895966
2.895327
2.894687
2.894046
2.893403
2.892759
2.892113
2.891466
2.890818
2.890169
2.889518
2.888865
2.888212
2.887556
2.886899
2.886241
2.885581
2.884920
2.884257
2.883593
2.882927
2.882259
2.881590
2.880918
2.880246
2.879571
2.878895
2.878217
2.877538
2.876856
2.876173
2.875488
2.874801
2.874112
2.873421
2.872728
2.872034
2.871337
2.870638
2.869938
2.869235
2.868530
2.867823
2.867114
2.866403
2.865690
2.864975
2.864257
2.863537
2.862815
2.862090
2.861363
2.860634
2.859903
2.859169
2.858432
2.857693
2.856952
2.856208
2.855462
2.854713
2.853962
2.853208
2.852451
2.851691
2.850929
2.850165
2.849397
2.848627
2.847854
2.847078
2.846299
2.845517
2.844733
2.843945
2.843155
2.842361
2.841564
2.840765
2.839962
2.839156
2.838347
2.837535
2.836719
2.835901
2.835078
2.834253
2.833424
2.832592
2.831757
2.830918
2.830076
2.829230
2.828380
2.827527
2.826671
2.825810
2.824946
2.824079
2.823207
2.822332
2.821453
2.820570
2.819684
2.818793
2.817898
2.817000
2.816097
2.815191
2.814280
2.813365
2.812446
2.811523
2.810595
2.809664
2.808727
2.807787
2.806842
2.805893
2.804939
2.803981
2.803018
2.802051
2.801079
2.800103
2.799121
2.798136
2.797145
2.796149
2.795149
2.794144
2.793133
2.792118
2.791098
2.790073
2.789043
2.788007
2.786967
2.785921
2.784870
2.783813
2.782752
2.781685
2.780612
2.779534
2.778451
2.777362
2.776267
2.775167
2.774061
2.772949
2.771832
2.770709
2.769580
2.768445
2.767304
2.766157
2.765004
2.763845
2.762680
2.761509
2.760332
2.759148
2.757958
2.756762
2.755559
2.754350
2.753134
2.751912
2.750683
2.749448
2.748206
2.746957
2.745702
2.744439
2.743170
2.741894
2.740611
2.739321
2.738023
2.736719
2.735408
2.734089
2.732763
2.731430
2.730090
2.728742
2.727386
2.726023
2.724653
2.723275
2.721889
2.720496
2.719095
2.717686
2.716269
2.714844
2.713411
2.711971
2.710522
2.709065
2.707600
2.706127
2.704645
2.703155
2.701657
2.700150
2.698635
2.697111
2.695579
2.694038
2.692488
2.690930
2.689362
2.687787
2.686201
2.684607
2.683004
2.681392
2.679771
2.678140
2.676501
2.674852
2.673193
2.671526
2.669848
2.668161
2.666465
2.664759
2.663044
2.661318
2.659583
2.657838
2.656083
2.654317
2.652542
2.650757
2.648962
2.647156
2.645341
2.643514
2.641678
2.639831
2.637973
2.636106
2.634227
2.632338
2.630438
2.628527
2.626605
2.624673
2.622729
2.620775
2.618809
2.616832
2.614844
2.612845
2.610835
2.608813
2.606779
2.604734
2.602678
2.600610
2.598530
2.596439
2.594336
2.592220
2.590093
2.587955
2.585804
2.583641
2.581465
2.579278
2.577078
2.574866
2.572641
2.570404
2.568155
2.565893
2.563618
2.561331
2.559031
2.556718
2.554392
2.552054
2.549702
2.547337
2.544959
2.542568
2.540164
2.537746
2.535315
2.532871
2.530413
2.527941
2.525456
2.522958
2.520445
2.517919
2.515379
2.512825
2.510257
2.507675
2.505079
2.502469
2.499845
2.497206
2.494553
2.491886
2.489204
2.486508
2.483797
2.481071
2.478331
2.475576
2.472807
2.470022
2.467223
2.464408
2.461579
2.458734
2.455874
2.453000
2.450109
2.447204
2.444283
2.441347
2.438395
2.435427
2.432444
2.429445
2.426431
2.423401
2.420355
2.417293
2.414215
2.411121
2.408010
2.404884
2.401742
2.398583
2.395408
2.392217
2.389009
2.385785
2.382545
2.379287
2.376013
2.372723
2.369416
2.366091
2.362750
2.359392
2.356017
2.352626
2.349217
2.345791
2.342347
2.338887
2.335409
2.331915
2.328402
2.324872
2.321325
2.317760
2.314178
2.310578
2.306960
2.303324
2.299671
2.296000
2.292312
2.288605
2.284880
2.281137
2.277376
2.273597
2.273797
2.270011
2.266208
2.262387
2.258547
2.254689
2.250814
2.246919
2.243007
2.239076
2.235127
2.231160
2.227174
2.223169
2.219146
2.215105
2.211044
2.206965
2.202868
2.198751
2.194616
2.190462
2.186289
2.182097
2.177887
2.173657
2.169408
2.165140
2.160853
2.156547
2.152222
2.147878
2.143514
2.139131
2.134729
2.130307
2.125867
2.121406
2.116927
2.112427
2.107909
2.103371
2.098813
2.094236
2.089639
2.085022
2.080386
2.075730
2.071055
2.066359
2.061644
2.056910
2.052155
2.047380
2.042586
2.037772
2.032938
2.028084
2.023210
2.018316
2.013402
2.008468
2.003514
1.998540
1.993546
1.988532
1.983498
1.978443
1.973369
1.968275
1.963160
1.958025
1.952870
1.947695
1.942500
1.937284
1.932048
1.926792
1.921516
1.916220
1.910903
1.905566
1.900209
1.894832
1.889434
1.884016
1.878578
1.873119
1.867641
1.862142
1.856622
1.851083
1.845523
1.839943
1.834342
1.828722
1.823081
1.817420
1.811738
1.806037
1.800315
1.794573
1.788811
1.783028
1.777226
1.771403
1.765560
1.759697
1.753813
1.747910
1.741986
1.736043
1.730079
1.724095
1.718091
1.712067
1.706023
1.699959
1.693876
1.687772
1.681648
1.675504
1.669341
1.663157
1.656954
1.650731
1.644488
1.638226
1.631943
1.625641
1.619320
1.612979
1.606618
1.600237
1.593837
1.587418
1.580979
1.574521
1.568043
1.561546
1.555029
1.548494
1.541939
1.535365
1.528772
1.522159
1.515528
1.508877
1.502208
1.495520
1.488813
1.482086
1.475342
1.468578
1.461796
1.454995
1.448176
1.441338
1.434481
1.427606
1.420713
1.413801
1.406871
1.399923
1.392957
1.385973
1.378971
1.371950
1.364912
1.357856
1.350782
1.343691
1.336582
1.329455
1.322311
1.315149
1.307970
1.300774
1.293560
1.286329
1.279081
1.271816
1.264535
1.257236
1.249920
1.242588
1.235239
1.227873
1.220491
1.213093
1.205678
1.198247
1.190800
1.183336
1.175857
1.168361
1.160850
1.153323
1.145780
1.138222
1.130648
1.123059
1.115454
1.107835
1.100200
1.092549
1.084884
1.077204
1.069510
1.061800
1.054076
1.046338
1.038585
1.030817
1.023036
1.015240
1.007430
0.999607
0.991769
0.983918
0.976053
0.968174
0.960283
0.952377
0.944459
0.936527
0.928583
0.920625
0.912655
0.904672
0.896677
0.888669
0.880648
0.872615
0.864571
0.856514
0.848445
0.840364
0.832272
0.824168
0.816052
0.807925
0.799787
0.791638
0.783478
0.775306
0.767124
0.758932
0.750728
0.742514
0.734290
0.726056
0.717812
0.709557
0.701293
0.693019
0.684736
0.676443
0.668140
0.659828
0.651508
0.643178
0.634839
0.626492
0.618136
0.609771
0.601398
0.593017
0.584628
0.576230
0.567825
0.559412
0.550992
0.542564
0.534128
0.525686
0.517236
0.508779
0.500316
0.491845
0.483369
0.474885
0.466396
0.457900
0.449398
0.440890
0.432377
0.423857
0.415332
0.406802
0.398267
0.389726
0.381180
0.372630
0.364075
0.355515
0.346951
0.338382
0.329809
0.321232
0.312651
0.304067
0.295479
0.286887
0.278292
0.269693
0.261091
0.252487
0.243880
0.235269
0.226657
0.218042
0.209424
0.200804
0.192183
0.183559
0.174934
0.166307
0.157678
0.149049
0.140417
0.131785
0.123152
0.114518
0.105884
0.097249
0.088613
0.079977
0.071341
0.062705
0.054070
0.045434
0.036799
0.028164
0.019530
0.010897
0.002265
-0.006366
-0.014996
-0.023625
-0.032252
-0.040877
-0.049501
-0.058123
-0.066743
-0.075360
-0.083976
-0.092589
-0.101199
-0.109807
-0.118412
-0.127014
-0.135613
-0.144209
-0.152801
-0.161390
-0.169976
-0.178557
-0.187135
-0.195709
-0.204278
-0.212844
-0.221405
-0.229962
-0.238514
-0.247061
-0.255603
-0.264140
-0.272673
-0.281200
-0.289721
-0.298237
-0.306747
-0.315252
-0.323751
-0.332244
-0.340730
-0.349210
-0.357684
-0.366152
-0.374613
-0.383067
-0.391514
-0.399954
-0.408387
-0.416813
-0.425232
-0.433643
-0.442046
-0.450442
-0.458830
-0.467210
-0.475582
-0.483946
-0.492301
-0.500648
-0.508987
-0.517317
-0.525638
-0.533950
-0.542254
-0.550548
-0.558833
-0.567109
-0.575375
-0.583632
-0.591879
-0.600117
-0.608345
-0.616562
-0.624770
-0.632967
-0.641154
-0.649331
-0.657498
-0.665653
-0.673798
-0.681933
-0.690056
-0.698168
-0.706269
-0.714359
-0.722438
-0.730506
-0.738561
-0.746606
-0.754638
-0.762659
-0.770668
-0.778665
-0.786649
-0.794622
-0.802582
-0.810530
-0.818466
-0.826389
-0.834299
-0.842197
-0.850081
-0.857953
-0.865812
-0.873658
-0.881491
-0.889310
-0.897116
-0.904909
-0.912688
-0.920453
-0.928205
-0.935943
-0.943668
-0.951378
-0.959074
-0.966756
-0.974424
-0.982078
-0.989718
-0.997343
-1.004954
-1.012550
-1.020131
-1.027698
-1.035250
-1.042787
-1.050309
-1.057816
-1.065309
-1.072786
-1.080247
-1.087694
-1.095125
-1.102541
-1.109941
-1.117326
-1.124695
-1.132049
-1.139387
-1.146709
-1.154015
-1.161305
-1.168579
-1.175838
-1.183080
-1.190306
-1.197515
-1.204709
-1.211886
-1.219047
-1.226191
-1.233319
-1.240430
-1.247525
-1.254603
-1.261664
-1.268708
-1.275736
-1.282747
-1.289741
-1.296718
-1.303677
-1.310620
-1.317546
-1.324455
-1.331346
-1.338220
-1.345077
-1.351916
-1.358738
-1.365543
-1.372330
-1.379100
-1.385852
-1.392587
-1.399304
-1.406003
-1.412685
-1.419349
-1.425995
-1.432624
-1.439234
-1.445827
-1.452401
-1.458958
-1.465497
-1.472018
-1.478521
-1.485005
-1.491472
-1.497921
-1.504351
-1.510763
-1.517157
-1.523533
-1.529891
-1.536230
-1.542551
-1.548853
-1.555137
-1.561403
-1.567651
-1.573880
-1.580090
-1.586283
-1.592456
-1.598611
-1.604748
-1.610866
-1.616966
-1.623047
-1.629109
-1.635153
-1.641178
-1.647184
-1.653172
-1.659141
-1.665092
-1.671024
-1.676937
-1.682831
-1.688707
-1.694564
-1.700402
-1.706222
-1.712022
-1.717804
-1.723568
-1.729312
-1.735038
-1.740744
-1.746432
-1.752102
-1.757752
-1.763384
-1.768997
-1.774591
-1.780166
-1.785722
-1.791260
-1.796779
-1.802278
-1.807760
-1.813222
-1.818665
-1.824090
-1.829496
-1.834883
-1.840251
-1.845601
-1.850931
-1.856243
-1.861536
-1.866810
-1.872066
-1.877303
-1.882521
-1.887720
-1.892900
-1.898062
-1.903205
-1.908329
-1.913435
-1.918522
-1.923590
-1.928640
-1.933671
-1.938683
-1.943676
-1.948651
-1.953608
-1.958545
-1.963465
-1.968365
-1.973247
-1.978111
-1.982956
-1.987782
-1.992590
-1.997379
-2.002150
-2.006903
-2.011637
-2.016353
-2.021050
-2.025729
-2.030390
-2.035032
-2.039656
-2.044262
-2.048849
-2.053418
-2.057969
-2.062502
-2.067017
-2.071513
-2.075991
-2.080451
-2.084893
-2.089317
-2.093723
-2.098111
-2.102481
-2.106833
-2.111167
-2.115483
-2.119781
-2.124062
-2.128324
-2.132569
-2.136796
-2.141005
-2.145196
-2.149370
-2.153526
-2.157664
-2.161785
-2.165888
-2.169973
-2.174041
-2.178092
-2.182125
-2.186140
-2.190139
-2.194119
-2.198083
-2.202029
-2.205958
-2.209869
-2.213764
-2.217641
-2.221501
-2.225344
-2.229169
-2.232978
-2.236770
-2.240544
-2.244302
-2.248043
-2.251766
-2.255473
-2.259164
-2.262837
-2.266494
-2.270133
-2.273757
-2.277363
-2.280953
-2.284526
-2.288083
-2.291623
-2.295147
-2.298655
-2.302145
-2.305620
-2.309078
-2.312520
-2.315946
-2.319355
-2.322749
-2.326126
-2.329487
-2.332832
-2.336161
-2.339474
-2.342771
-2.346052
-2.349317
-2.352566
-2.355800
-2.359018
-2.362220
-2.365406
-2.368577
-2.371732
-2.374872
-2.377996
-2.381104
-2.384197
-2.387275
-2.390337
-2.393384
-2.396416
-2.399433
-2.402434
-2.405420
-2.408391
-2.411347
-2.414288
-2.417214
-2.420125
-2.423021
-2.425902
-2.428768
-2.431620
-2.434456
-2.437278
-2.440086
-2.442878
-2.445656
-2.448420
-2.451169
-2.453904
-2.456624
-2.459330
-2.462021
-2.464698
-2.467361
-2.470010
-2.472644
-2.475265
-2.477871
-2.480463
-2.483042
-2.485606
-2.488156
-2.490693
-2.493215
-2.495724
-2.498219
-2.500701
-2.503169
-2.505623
-2.508063
-2.510490
-2.512904
-2.515304
-2.517691
-2.520064
-2.522424
-2.524771
-2.527104
-2.529424
-2.531732
-2.534026
-2.536307
-2.538575
-2.540830
-2.543072
-2.545301
-2.547517
-2.549720
-2.551911
-2.554089
-2.556254
-2.558407
-2.560547
-2.562675
-2.564790
-2.566892
-2.568982
-2.571060
-2.573125
-2.575178
-2.577219
-2.579248
-2.581264
-2.583269
-2.585261
-2.587241
-2.589209
-2.591165
-2.593110
-2.595042
-2.596963
-2.598872
-2.600769
-2.602654
-2.604528
-2.606390
-2.608240
-2.610079
-2.611907
-2.613723
-2.615527
-2.617321
-2.619102
-2.620873
-2.622632
-2.624381
-2.626118
-2.627844
-2.629558
-2.631262
-2.632955
-2.634637
-2.636308
-2.637968
-2.639617
-2.641255
-2.642883
-2.644500
-2.646106
-2.647702
-2.649287
-2.650862
-2.652426
-2.653979
-2.655523
-2.657055
-2.658578
-2.660090
-2.661592
-2.663084
-2.664565
-2.666036
-2.667498
-2.668949
-2.670390
-2.671821
-2.673243
-2.674654
-2.676056
-2.677447
-2.678829
-2.680201
-2.681564
-2.682917
-2.684260
-2.685593
-2.686918
-2.688232
-2.689537
-2.690833
-2.692119
-2.693396
-2.694664
-2.695922
-2.697171
-2.698411
-2.699642
-2.700863
-2.702076
-2.703279
-2.704474
-2.705660
-2.706836
-2.708004
-2.709163
-2.710313
-2.711454
-2.712587
-2.713710
-2.714826
-2.715932
-2.717030
-2.718119
-2.719200
-2.720273
-2.721336
-2.722392
-2.723439
-2.724478
-2.725508
-2.726531
-2.727545
-2.728550
-2.729548
-2.730538
-2.731519
-2.732492
-2.733458
-2.734415
-2.735365
-2.736306
-2.737240
-2.738166
-2.739084
-2.739994
-2.740897
-2.741791
-2.742679
-2.743558
-2.744430
-2.745295
-2.746151
-2.747001
-2.747843
-2.748677
-2.749504
-2.750324
-2.751136
-2.751942
-2.752739
-2.753530
-2.754314
-2.755090
-2.755859
-2.756621
-2.757376
-2.758124
-2.758865
-2.759599
-2.760326
-2.761047
-2.761760
-2.762467
-2.763166
-2.763859
-2.764546
-2.765225
-2.765898
-2.766564
-2.767224
-2.767877
-2.768524
-2.769164
-2.769797
-2.770424
-2.771045
-2.771659
-2.772267
-2.772868
-2.773464
-2.774053
-2.774636
-2.775212
-2.775783
-2.776347
-2.776905
-2.777457
-2.778003
-2.778543
-2.779077
-2.779605
-2.780127
-2.780643
-2.781153
-2.781658
-2.782156
-2.782649
-2.783136
-2.783617
-2.784093
-2.784563
-2.785027
-2.785486
-2.785939
-2.786386
-2.786828
-2.787264
-2.787695
-2.788121
-2.788541
-2.788955
-2.789365
-2.789768
-2.790167
-2.790560
-2.790948
-2.791331
-2.791709
-2.792081
-2.792448
-2.792810
-2.793167
-2.793519
-2.793866
-2.794208
-2.794545
-2.794876
-2.795203
