COM_Z
4.000136
4.008103
4.016069
4.024035
4.031999
4.039963
4.047925
4.055886
4.063845
4.071803
4.079759
4.087713
4.095665
4.103615
4.111563
4.119508
4.127451
4.135392
4.143329
4.151264
4.159196
4.167125
4.175050
4.182972
4.190891
4.198806
4.206717
4.214625
4.222528
4.230428
4.238323
4.246214
4.254101
4.261983
4.269860
4.277732
4.285600
4.293462
4.301319
4.309171
4.317018
4.324859
4.332694
4.340524
4.348348
4.356166
4.363977
4.371783
4.379582
4.387374
4.395161
4.402940
4.410712
4.418478
4.426237
4.433988
4.441732
4.449469
4.457198
4.464920
4.472634
4.480340
4.488038
4.495728
4.503409
4.511083
4.518748
4.526405
4.534053
4.541692
4.549322
4.556944
4.564556
4.572159
4.579753
4.587337
4.594912
4.602477
4.610033
4.617578
4.625114
4.632639
4.640155
4.647660
4.655155
4.662639
4.670112
4.677575
4.685027
4.692468
4.699898
4.707317
4.714725
4.722121
4.729506
4.736879
4.744241
4.751590
4.758928
4.766254
4.773568
4.780869
4.788158
4.795435
4.802699
4.809951
4.817190
4.824416
4.831629
4.838829
4.846016
4.853189
4.860349
4.867496
4.874629
4.881749
4.888855
4.895947
4.903025
4.910089
4.917138
4.924174
4.931195
4.938201
4.945193
4.952171
4.959133
4.966081
4.973014
4.979931
4.986834
4.993721
5.000592
5.007449
5.014289
5.021115
5.027924
5.034717
5.041495
5.048256
5.055001
5.061730
5.068443
5.075139
5.081818
5.088481
5.095127
5.101757
5.108369
5.114964
5.121543
5.128104
5.134647
5.141173
5.147682
5.154173
5.160647
5.167102
5.173540
5.179960
5.186361
5.192744
5.199110
5.205456
5.211785
5.218094
5.224385
5.230658
5.236911
5.243146
5.249361
5.255558
5.261735
5.267893
5.274031
5.280150
5.286249
5.292329
5.298389
5.304429
5.310449
5.316449
5.322429
5.328389
5.334328
5.340247
5.346146
5.352024
5.357881
5.363717
5.369533
5.375327
5.381101
5.386854
5.392585
5.398294
5.403983
5.409650
5.415295
5.420919
5.426521
5.432101
5.437659
5.443196
5.448710
5.454201
5.459671
5.465118
5.470543
5.475945
5.481324
5.486681
5.492015
5.497326
5.502614
5.507879
5.513121
5.518339
5.523534
5.528706
5.533854
5.538979
5.544080
5.549157
5.554210
5.559240
5.564245
5.569226
5.574183
5.579116
5.584024
5.588908
5.593767
5.598602
5.603411
5.608197
5.612957
5.617692
5.622402
5.627087
5.631747
5.636382
5.640991
5.645574
5.650132
5.654665
5.659171
5.663652
5.668107
5.672536
5.676939
5.681316
5.685666
5.689991
5.694288
5.698559
5.702804
5.707023
5.711214
5.715378
5.719516
5.723626
5.727710
5.731767
5.735796
5.739798
5.743773
5.747720
5.751639
5.755531
5.759396
5.763232
5.767041
5.770821
5.774573
5.778298
5.781994
5.785662
5.789302
5.792913
5.796496
5.800050
5.803576
5.807072
5.810540
5.813979
5.817389
5.820769
5.824121
5.827444
5.830736
5.834000
5.837235
5.840440
5.843615
5.846760
5.849876
5.852961
5.856017
5.859043
5.862039
5.865004
5.867940
5.870845
5.873719
5.876563
5.879376
5.882160
5.884912
5.887633
5.890324
5.892983
5.895612
5.898209
5.900775
5.903310
5.905814
5.908286
5.910727
5.913136
5.915514
5.917860
5.920174
5.922456
5.924707
5.926925
5.929111
5.931265
5.933387
5.935477
5.937534
5.939559
5.941551
5.943511
5.945437
5.947332
5.949193
5.951022
5.952817
5.954580
5.956309
5.958006
5.959668
5.961298
5.962894
5.964457
5.965986
5.967481
5.968943
5.970371
5.971765
5.973126
5.974451
5.975744
5.977002
5.978227
5.979416
5.980571
5.981692
5.982779
5.983830
5.984847
5.985830
5.986778
5.987691
5.988569
5.989412
5.990220
5.990993
5.991731
5.992434
5.993100
5.993732
5.994329
5.994890
5.995415
5.995904
5.996359
5.996777
5.997158
5.997505
5.997816
5.998090
5.998328
5.998530
5.998696
5.998825
5.998918
5.998974
5.998994
5.998978
5.998924
5.998835
5.998708
5.998544
5.998344
5.998106
5.997832
5.997520
5.997171
5.996785
5.996362
5.995901
5.995402
5.994867
5.994294
5.993683
5.993035
5.992349
5.991625
5.990862
5.990063
5.989225
5.988349
5.987436
5.986483
5.985493
5.984465
5.983398
5.982292
5.981148
5.979966
5.978745
5.977485
5.976187
5.974850
5.973474
5.972059
5.970606
5.969113
5.967581
5.966010
5.964400
5.962751
5.961063
5.959335
5.957567
5.955761
5.953915
5.952029
5.950104
5.948139
5.946134
5.944090
5.942006
5.939881
5.937718
5.935513
5.933269
5.930985
5.928661
5.926296
5.923891
5.921446
5.918961
5.916435
5.913869
5.911262
5.908614
5.905928
5.903199
5.900430
5.897619
5.894769
5.891877
5.888945
5.885972
5.882957
5.879902
5.876806
5.873667
5.870489
5.867269
5.864007
5.860706
5.857362
5.853976
5.850550
5.847082
5.843572
5.840021
5.836428
5.832793
5.829117
5.825400
5.821640
5.817839
5.813996
5.810111
5.806183
5.802215
5.798204
5.794150
5.790055
5.785918
5.781738
5.777517
5.773254
5.768947
5.168926
5.166602
5.164253
5.161881
5.159484
5.157061
5.154615
5.152144
5.149648
5.147127
5.144583
5.142013
5.139419
5.136799
5.134155
5.131487
5.128793
5.126075
5.123333
5.120565
5.117773
5.114956
5.112114
5.109247
5.106355
5.103439
5.100498
5.097532
5.094541
5.091525
5.088484
5.085419
5.082328
5.079213
5.076072
5.072907
5.069717
5.066502
5.063262
5.059997
5.056707
5.053392
5.050053
5.046688
5.043298
5.039884
5.036444
5.032979
5.029490
5.025975
5.022435
5.018871
5.015282
5.011667
5.008027
5.004363
5.000673
4.996959
4.993220
4.989455
4.985666
4.981852
4.978012
4.974148
4.970259
4.966344
4.962405
4.958441
4.954451
4.950437
4.946398
4.942334
4.938245
4.934131
4.929992
4.925828
4.921639
4.917426
4.913187
4.908924
4.904636
4.900322
4.895985
4.891622
4.887234
4.882821
4.878384
4.873921
4.869434
4.864922
4.860386
4.855825
4.851239
4.846627
4.841992
4.837332
4.832646
4.827937
4.823202
4.818443
4.813660
4.808851
4.804019
4.799161
4.794279
4.789373
4.784442
4.779486
4.774506
4.769501
4.764473
4.759419
4.754341
4.749239
4.744113
4.738962
4.733787
4.728587
4.723364
4.718116
4.712844
4.707548
4.702227
4.696883
4.691514
4.686122
4.680705
4.675264
4.669799
4.664311
4.658798
4.653262
4.647701
4.642117
4.636509
4.630877
4.625222
4.619543
4.613840
4.608114
4.602364
4.596590
4.590793
4.584973
4.579128
4.573261
4.567371
4.561457
4.555519
4.549559
4.543575
4.537568
4.531538
4.525485
4.519410
4.513310
4.507188
4.501043
4.494876
4.488685
4.482471
4.476236
4.469977
4.463695
4.457391
4.451065
4.444716
4.438345
4.431951
4.425535
4.419097
4.412636
4.406154
4.399650
4.393123
4.386574
4.380004
4.373411
4.366796
4.360161
4.353503
4.346823
4.340122
4.333400
4.326656
4.319890
4.313104
4.306296
4.299467
4.292616
4.285745
4.278853
4.271940
4.265005
4.258050
4.251075
4.244078
4.237061
4.230024
4.222965
4.215887
4.208788
4.201669
4.194530
4.187370
4.180191
4.172991
4.165772
4.158534
4.151275
4.143996
4.136698
4.129381
4.122045
4.114688
4.107313
4.099918
4.092505
4.085072
4.077620
4.070150
4.062661
4.055154
4.047627
4.040082
4.032519
4.024937
4.017338
4.009720
4.002085
3.994430
3.986759
3.979070
3.971363
3.963638
3.955896
3.948137
3.940360
3.932566
3.924755
3.916928
3.909083
3.901221
3.893343
3.885449
3.877537
3.869609
3.861666
3.853706
3.845730
3.837738
3.829730
3.821707
3.813668
3.805613
3.797543
3.789458
3.781358
3.773242
3.765111
3.756967
3.748807
3.740633
3.732444
3.724240
3.716023
3.707791
3.699546
3.691286
3.683013
3.674726
3.666426
3.658112
3.649785
3.641444
3.633092
3.624725
3.616347
3.607955
3.599552
3.591135
3.582707
3.574266
3.565814
3.557350
3.548874
3.540386
3.531887
3.523377
3.514856
3.506323
3.497780
3.489226
3.480662
3.472086
3.463501
3.454906
3.446300
3.437685
3.429060
3.420425
3.411781
3.403128
3.394465
3.385794
3.377114
3.368425
3.359728
3.351022
3.342308
3.333587
3.324856
3.316119
3.307374
3.298621
3.289861
3.281094
3.272320
3.263539
3.254752
3.245958
3.237158
3.228352
3.219539
3.210721
3.201898
3.193068
3.184234
3.175395
3.166550
3.157700
3.148847
3.139988
3.131126
3.122259
3.113389
3.104514
3.095636
3.086755
3.077871
3.068983
3.060093
3.051199
3.042304
3.033407
3.024507
3.015605
3.006701
2.997796
2.988889
2.979981
2.971073
2.962163
2.953253
2.944342
2.935432
2.926521
2.917610
2.908700
2.899790
2.890881
2.881972
2.873065
2.864160
2.855255
2.846352
2.837452
2.828553
2.819657
2.810763
2.801872
2.792984
2.784098
2.775217
2.766339
2.757464
2.748593
2.739727
2.730865
2.722008
2.713155
2.704307
2.695465
2.686628
2.677796
2.668970
2.660151
2.651337
2.642530
2.633730
2.624936
2.616150
2.607371
2.598600
2.589836
2.581080
2.572332
2.563593
2.554863
2.546141
2.537428
2.528725
2.520032
2.511348
2.502674
2.494010
2.485356
2.476714
2.468082
2.459461
2.450852
2.442254
2.433668
2.425094
2.416532
2.407982
2.399445
2.390922
2.382411
2.373914
2.365430
2.356961
2.348505
2.340063
2.331637
2.323224
2.314828
2.306446
2.298079
2.289729
2.281395
2.273076
2.264774
2.256489
2.248220
2.239969
2.231735
2.223519
2.215321
2.207140
2.198979
2.190835
2.182711
2.174605
2.166519
2.158452
2.150406
2.142378
2.134372
2.126386
2.118421
2.110476
2.102553
2.094652
2.086772
2.078914
2.071078
2.063264
2.055474
2.047706
2.039961
2.032240
2.024543
2.016869
2.009220
2.001594
1.993994
1.986418
1.978868
1.971343
1.963843
1.956370
1.948922
1.941501
1.934106
1.926738
1.919397
1.912084
1.904798
1.897539
1.890309
1.883107
1.875934
1.868790
1.861674
1.854587
1.847531
1.840503
1.833506
1.826539
1.819602
1.812697
1.805821
1.798978
1.792165
1.785385
1.778636
1.771919
1.765235
1.758583
1.751964
1.752065
1.745470
1.738910
1.732382
1.725888
1.719428
1.713001
1.706609
1.700252
1.693929
1.687642
1.681389
1.675172
1.668990
1.662845
1.656735
1.650662
1.644625
1.638626
1.632663
1.626737
1.620849
1.614999
1.609186
1.603412
1.597676
1.591979
1.586320
1.580701
1.575121
1.569580
1.564079
1.558617
1.553196
1.547816
1.542476
1.537176
1.531918
1.526700
1.521525
1.516390
1.511298
1.506248
1.501240
1.496274
1.491351
1.486471
1.481634
1.476840
1.472089
1.467382
1.462720
1.458101
1.453526
1.448996
1.444511
1.440070
1.435674
1.431324
1.427019
1.422759
1.418546
1.414378
1.410256
1.406181
1.402153
1.398171
1.394235
1.390347
1.386507
1.382713
1.378967
1.375269
1.371619
1.368017
1.364463
1.360958
1.357501
1.354093
1.350733
1.347423
1.344162
1.340951
1.337789
1.334677
1.331614
1.328602
1.325640
1.322728
1.319866
1.317055
1.314295
1.311585
1.308927
1.306320
1.303764
1.301259
1.298806
1.296405
1.294056
1.291758
1.289512
1.287319
1.285178
1.283089
1.281053
1.279070
1.277139
1.275261
1.273436
1.271664
1.269946
1.268281
1.266669
1.265110
1.263605
1.262154
1.260757
1.259413
1.258124
1.256888
1.255707
1.254580
1.253507
1.252489
1.251525
1.250615
1.249760
1.248960
1.248215
1.247524
1.246888
1.246307
1.245781
1.245311
1.244895
1.244534
1.244229
1.243979
1.243784
1.243645
1.243560
1.243532
1.243559
1.243641
1.243779
1.243972
1.244221
1.244526
1.244886
1.245302
1.245773
1.246300
1.246883
1.247522
1.248216
1.248966
1.249772
1.250634
1.251551
1.252524
1.253553
1.254637
1.255777
1.256973
1.258224
1.259532
1.260894
1.262313
1.263787
1.265316
1.266901
1.268542
1.270238
1.271989
1.273796
1.275659
1.277576
1.279549
1.281577
1.283660
1.285798
1.287991
1.290240
1.292543
1.294901
1.297314
1.299781
1.302303
1.304880
1.307511
1.310197
1.312937
1.315731
1.318580
1.321482
1.324439
1.327449
1.330514
1.333631
1.336803
1.340028
1.343306
1.346638
1.350023
1.353461
1.356951
1.360495
1.364091
1.367740
1.371442
1.375195
1.379001
1.382859
1.386769
1.390730
1.394744
1.398808
1.402925
1.407092
1.411310
1.415580
1.419900
1.424271
1.428692
1.433163
1.437685
1.442256
1.446877
1.451548
1.456269
1.461038
1.465857
1.470725
1.475641
1.480606
1.485619
1.490681
1.495790
1.500948
1.506153
1.511405
1.516704
1.522051
1.527444
1.532884
1.538370
1.543903
1.549481
1.555106
1.560775
1.566491
1.572251
1.578056
1.583906
1.589800
1.595738
1.601721
1.607747
1.613817
1.619930
1.626086
1.632285
1.638526
1.644810
1.651136
1.657504
1.663913
1.670364
1.676856
1.683389
1.689962
1.696576
1.703229
1.709923
1.716656
1.723428
1.730240
1.737090
1.743979
1.750906
1.757870
1.764873
1.771913
1.778990
1.786104
1.793255
1.800442
1.807665
1.814924
1.822218
1.829547
1.836912
1.844311
1.851744
1.859211
1.866712
1.874247
1.881815
1.889415
1.897048
1.904714
1.912411
1.920140
1.927901
1.935692
1.943514
1.951367
1.959250
1.967163
1.975105
1.983077
1.991078
1.999107
2.007165
2.015250
2.023363
2.031504
2.039672
2.047866
2.056087
2.064335
2.072608
2.080906
2.089230
2.097578
2.105951
2.114349
2.122770
2.131215
2.139683
2.148174
2.156688
2.165224
2.173782
2.182362
2.190963
2.199585
2.208228
2.216891
2.225574
2.234277
2.242999
2.251741
2.260501
2.269280
2.278076
2.286891
2.295723
2.304572
2.313438
2.322320
2.331219
2.340133
2.349063
2.358008
2.366968
2.375942
2.384930
2.393933
2.402949
2.411978
2.421020
2.430074
2.439141
2.448220
2.457310
2.466411
2.475524
2.484647
2.493780
2.502923
2.512076
2.521238
2.530410
2.539589
2.548778
2.557974
2.567178
2.576389
2.585608
2.594833
2.604064
2.613302
2.622545
2.631794
2.641048
2.650307
2.659571
2.668839
2.678110
2.687385
2.696664
2.705945
2.715229
2.724515
2.733804
2.743094
2.752386
2.761678
2.770972
2.780266
2.789560
2.798854
2.808148
2.817440
2.826732
2.836023
2.845312
2.854599
2.863884
2.873166
2.882446
2.891722
2.900995
2.910265
2.919530
2.928792
2.938048
2.947300
2.956547
2.965788
2.975024
2.984254
2.993477
3.002694
3.011904
3.021107
3.030303
3.039491
3.048671
3.057843
3.067007
3.076162
3.085308
3.094444
3.103571
3.112689
3.121796
3.130893
3.139980
3.149055
3.158120
3.167173
3.176215
3.185244
3.194262
3.203268
3.212260
3.221240
3.230207
3.239161
3.248101
3.257027
3.265939
3.274837
3.283720
3.292589
3.301442
3.310280
3.319103
3.327911
3.336702
3.345477
3.354236
3.362978
3.371703
3.380412
3.389103
3.397777
3.406433
3.415071
3.423691
3.432293
3.440876
3.449440
3.457986
3.466512
3.475020
3.483507
3.491975
3.500423
3.508851
3.517258
3.525645
3.534012
3.542357
3.550682
3.558985
3.567267
3.575527
3.583765
3.591981
3.600176
3.608348
3.616497
3.624624
3.632728
3.640809
3.648866
3.656901
3.664912
3.672899
3.680863
3.688802
3.696717
3.704608
3.712475
3.720317
3.728135
3.735927
3.743694
3.751437
3.759154
3.766845
3.774511
3.782151
3.789766
3.797354
3.804916
3.812452
3.819962
3.827445
3.834901
3.842331
3.849734
3.857109
3.864458
3.871780
3.879074
3.886340
3.893579
3.900791
3.907974
3.915130
3.922257
3.929357
3.936428
3.943471
3.950486
3.957472
3.964429
3.971358
3.978258
3.985129
3.991971
3.998784
4.005568
4.012323
4.019048
4.025744
4.032411
4.039048
4.045655
4.052233
4.058781
4.065299
4.071787
4.078245
4.084673
4.091071
4.097439
4.103777
4.110084
4.116361
4.122608
4.128824
4.135009
4.141164
4.147289
4.153382
4.159445
4.165477
4.171479
4.177449
4.183389
4.189297
4.195175
4.201022
4.206837
4.212622
4.218375
4.224097
4.229788
4.235448
4.241076
4.246673
4.252239
4.257774
4.263277
4.268749
4.274189
4.279598
4.284976
4.290322
4.295636
4.300920
4.306171
4.311391
4.316580
4.321737
4.326863
4.331957
4.337019
4.342050
4.347049
4.352017
4.356953
4.361858
4.366731
4.371573
4.376383
4.381161
4.385908
4.390624
4.395308
4.399960
4.404581
4.409171
4.413729
4.418255
4.422750
4.427214
4.431646
4.436047
4.440417
4.444755
4.449062
4.453338
4.457582
4.461795
4.465977
4.470128
4.474247
4.478336
4.482393
4.486420
4.490415
4.494379
4.498312
4.502215
4.506086
4.509927
4.513737
4.517516
4.521264
4.524981
4.528668
4.532325
4.535950
4.539546
4.543110
4.546645
4.550149
4.553622
4.557066
4.560479
4.563861
4.567214
4.570537
4.573829
4.577092
4.580325
4.583528
4.586701
4.589844
4.592958
4.596042
4.599096
4.602121
4.605116
4.608082
4.611019
4.613926
4.616805
4.619654
4.622474
4.625264
4.628026
4.630760
4.633464
4.636139
4.638786
4.641404
4.643994
4.646555
4.649088
4.651593
4.654069
4.656517
4.658937
4.661329
4.663693
4.666029
4.668337
4.670618
4.672871
4.675096
4.677294
4.679464
4.681607
4.683723
4.685811
4.687873
4.689907
4.691914
4.693895
4.695849
4.697776
4.699676
4.701550
4.703398
4.705219
4.707014
4.708782
4.710525
4.712241
4.713932
4.715596
4.717235
4.718848
4.720436
4.721998
4.723535
4.725046
4.726532
4.727993
4.729429
4.730840
4.732226
4.733587
4.734924
4.736236
4.737523
4.738786
4.740025
4.741239
4.742429
4.743595
4.744738
4.745856
4.746951
4.748021
4.749069
4.750092
4.751093
4.752070
4.753024
4.753954
4.754862
4.755747
4.756609
4.757448
4.758264
4.759058
4.759830
4.760579
4.761306
4.762011
4.762693
4.763354
4.763993
4.764610
4.765206
4.765779
4.766332
4.766863
4.767372
4.767861
4.768328
4.768775
4.769200
4.769605
4.769989
4.770352
4.770695
4.771018
4.771320
4.771602
4.771864
4.772106
4.772328
4.772530
4.772712
4.772875
4.773018
4.773142
4.773247
4.773332
4.773399
4.773446
4.773474
4.773484
4.773475
4.773447
4.773400
4.773336
4.773253
4.773151
4.773032
4.772894
4.772739
4.772566
4.772375
4.772166
4.771940
4.771697
4.771436
4.771157
4.770862
4.770550
4.770221
4.769875
4.769512
4.769132
4.768736
4.768324
4.767895
4.767450
4.766989
4.766511
4.766018
4.765509
4.764984
4.764444
4.763887
4.763316
4.762729
4.762127
4.761509
4.760877
4.760229
4.759567
4.758889
4.758197
4.757491
4.756770
4.756034
4.755285
4.754521
4.753743
4.752950
4.752144
4.751324
4.750491
4.749643
4.748782
4.747908
4.747020
4.746119
4.745205
4.744278
4.743338
4.742384
4.741418
4.740440
4.739448
4.738444
4.737428
4.736399
4.735358
4.734305
4.733240
4.732163
4.731074
4.729973
4.728861
4.727737
4.726601
4.725454
4.724295
4.723126
4.721945
4.720753
4.719550
4.718336
4.717111
4.715876
4.714630
4.713373
4.712106
4.710829
4.709541
4.708243
4.706935
4.705617
4.704289
4.702951
4.701604
4.700247
4.698880
4.697504
4.696118
4.694723
4.693318
4.691905
4.690482
4.689051
4.687610
4.686161
4.684703
4.683236
4.681761
4.680277
4.678785
4.677284
4.675775
4.674258
4.672733
4.671200
4.669659
4.668110
4.666553
4.664989
4.663417
4.661838
4.660251
4.658656
4.657055
4.655446
4.653830
4.652207
4.650577
4.648940
4.647297
4.645646
4.643989
4.642325
4.640655
4.638979
4.637296
4.635606
4.633911
4.632209
4.630502
4.628788
4.627068
4.625343
4.623612
4.621875
4.620132
4.618384
4.616631
4.614872
4.613107
4.611338
4.609563
4.607783
4.605999
4.604209
4.602414
4.600615
4.598810
4.597001
4.595188
4.593369
4.591547
4.589720
4.587888
4.586053
4.584213
4.582369
4.580520
4.578668
4.576812
4.574952
4.573089
4.571221
4.569350
4.567475
4.565597
4.563715
4.561830
4.559941
4.558050
4.556154
4.554256
4.552355
4.550451
4.548543
4.546633
4.544720
4.542804
4.540886
4.538964
4.537041
4.535114
4.533186
4.531254
4.529321
4.527385
4.525447
4.523507
4.521564
4.519620
4.517674
4.515725
4.513775
4.511823
4.509869
