COM_X
-0.500725
-0.502272
-0.503781
-0.505253
-0.506688
-0.508086
-0.509446
-0.510770
-0.512056
-0.513305
-0.514517
-0.515692
-0.516831
-0.517932
-0.518996
-0.520023
-0.521014
-0.521968
-0.522885
-0.523765
-0.524609
-0.525416
-0.526186
-0.526920
-0.527617
-0.528278
-0.528903
-0.529491
-0.530042
-0.530558
-0.531037
-0.531479
-0.531886
-0.532257
-0.532591
-0.532890
-0.533152
-0.533378
-0.533568
-0.533723
-0.533842
-0.533925
-0.533972
-0.533983
-0.533959
-0.533899
-0.533803
-0.533673
-0.533506
-0.533304
-0.533067
-0.532794
-0.532486
-0.532143
-0.531765
-0.531351
-0.530902
-0.530419
-0.529899
-0.529346
-0.528757
-0.528133
-0.527475
-0.526782
-0.526054
-0.525291
-0.524494
-0.523662
-0.522795
-0.521894
-0.520960
-0.519990
-0.518986
-0.517947
-0.516875
-0.515768
-0.514627
-0.513452
-0.512243
-0.511000
-0.509724
-0.508412
-0.507068
-0.505690
-0.504277
-0.502832
-0.501352
-0.499839
-0.498293
-0.496713
-0.495100
-0.493454
-0.491774
-0.490060
-0.488314
-0.486535
-0.484722
-0.482877
-0.480998
-0.479087
-0.477143
-0.475166
-0.473156
-0.471114
-0.469038
-0.466931
-0.464791
-0.462618
-0.460413
-0.458176
-0.455906
-0.453604
-0.451270
-0.448904
-0.446506
-0.444076
-0.441614
-0.439120
-0.436594
-0.434037
-0.431447
-0.428827
-0.426174
-0.423491
-0.420775
-0.418028
-0.415250
-0.412440
-0.409600
-0.406728
-0.403825
-0.400891
-0.397926
-0.394930
-0.391903
-0.388846
-0.385758
-0.382638
-0.379489
-0.376309
-0.373098
-0.369857
-0.366586
-0.363284
-0.359952
-0.356590
-0.353198
-0.349776
-0.346323
-0.342841
-0.339330
-0.335787
-0.332216
-0.328615
-0.324984
-0.321324
-0.317634
-0.313915
-0.310166
-0.306389
-0.302582
-0.298745
-0.294880
-0.290986
-0.287063
-0.283111
-0.279130
-0.275121
-0.271082
-0.267015
-0.262920
-0.258796
-0.254644
-0.250463
-0.246254
-0.242017
-0.237752
-0.233458
-0.229137
-0.224788
-0.220411
-0.216006
-0.211573
-0.207113
-0.202625
-0.198110
-0.193567
-0.188997
-0.184399
-0.179775
-0.175123
-0.170444
-0.165737
-0.161005
-0.156245
-0.151458
-0.146645
-0.141805
-0.136938
-0.132045
-0.127125
-0.122179
-0.117207
-0.112208
-0.107183
-0.102132
-0.097056
-0.091953
-0.086824
-0.081670
-0.076490
-0.071284
-0.066052
-0.060796
-0.055514
-0.050205
-0.044873
-0.039515
-0.034131
-0.028723
-0.023290
-0.017831
-0.012348
-0.006841
-0.001309
0.004248
0.009830
0.015436
0.021066
0.026721
0.032400
0.038103
0.043829
0.049580
0.055355
0.061154
0.066977
0.072823
0.078692
0.084585
0.090502
0.096442
0.102404
0.108392
0.114400
0.120433
0.126488
0.132567
0.138668
0.144792
0.150938
0.157107
0.163298
0.169512
0.175748
0.182006
0.188287
0.194589
0.200913
0.207259
0.213627
0.220018
0.226429
0.232862
0.239316
0.245792
0.252289
0.258807
0.265346
0.271907
0.278488
0.285091
0.291713
0.298357
0.305022
0.311707
0.318411
0.325137
0.331883
0.338649
0.345435
0.352241
0.359067
0.365913
0.372778
0.379663
0.386568
0.393493
0.400436
0.407399
0.414381
0.421381
0.428402
0.435441
0.442499
0.449576
0.456670
0.463785
0.470917
0.478068
0.485237
0.492424
0.499629
0.506852
0.514093
0.521352
0.528630
0.535924
0.543235
0.550564
0.557911
0.565276
0.572656
0.580054
0.587470
0.594901
0.602350
0.609816
0.617298
0.624796
0.632311
0.639842
0.647389
0.654953
0.662532
0.670127
0.677738
0.685365
0.693008
0.700665
0.708339
0.716027
0.723731
0.731450
0.739183
0.746932
0.754696
0.762473
0.770266
0.778074
0.785896
0.793731
0.801581
0.809445
0.817323
0.825215
0.833121
0.841040
0.848973
0.856920
0.864880
0.872852
0.880838
0.888837
0.896849
0.904874
0.912911
0.920962
0.929024
0.937099
0.945186
0.953286
0.961397
0.969520
0.977655
0.985802
0.993961
1.002131
1.010312
1.018505
1.026708
1.034923
1.043149
1.051385
1.059633
1.067890
1.076159
1.084437
1.092727
1.101025
1.109334
1.117654
1.125982
1.134320
1.142668
1.151026
1.159393
1.167769
1.176154
1.184548
1.192951
1.201363
1.209783
1.218211
1.226649
1.235094
1.243548
1.252009
1.260479
1.268957
1.277441
1.285934
1.294433
1.302940
1.311454
1.319976
1.328504
1.337039
1.345581
1.354129
1.362683
1.371244
1.379811
1.388384
1.396963
1.405548
1.414138
1.422735
1.431336
1.439943
1.448554
1.457170
1.465793
1.474419
1.483050
1.491686
1.500326
1.508969
1.517618
1.526270
1.534926
1.543586
1.552249
1.560916
1.569586
1.578259
1.586935
1.595614
1.604296
1.612981
1.621667
1.630356
1.639047
1.647741
1.656437
1.665134
1.673833
1.682533
1.691235
1.699938
1.708642
1.717348
1.726054
1.734760
1.743467
1.752175
1.760882
1.769590
1.778298
1.787006
1.795713
1.804420
1.813126
1.821831
1.830535
1.839239
1.847941
1.856642
1.865341
1.874039
1.882735
1.891429
1.900121
1.908810
1.917498
1.926182
1.934865
1.943544
1.952219
1.960893
1.969562
1.978228
1.986891
1.995550
2.004205
2.012855
2.021502
2.030144
2.038782
2.047415
2.056043
2.064666
2.073284
2.081897
2.090503
2.099105
2.107701
2.116290
2.124874
1.245854
1.251313
1.256768
1.262219
1.267666
1.273109
1.278548
1.283982
1.289412
1.294838
1.300259
1.305675
1.311087
1.316493
1.321895
1.327292
1.332684
1.338070
1.343451
1.348827
1.354197
1.359561
1.364920
1.370273
1.375620
1.380961
1.386296
1.391625
1.396947
1.402263
1.407573
1.412876
1.418172
1.423462
1.428744
1.434020
1.439288
1.444550
1.449803
1.455050
1.460289
1.465520
1.470744
1.475960
1.481168
1.486368
1.491560
1.496744
1.501919
1.507086
1.512245
1.517395
1.522536
1.527668
1.532791
1.537906
1.543011
1.548107
1.553193
1.558271
1.563338
1.568396
1.573444
1.578483
1.583511
1.588529
1.593537
1.598535
1.603522
1.608499
1.613465
1.618421
1.623365
1.628299
1.633222
1.638133
1.643033
1.647922
1.652800
1.657665
1.662520
1.667362
1.672192
1.677011
1.681817
1.686611
1.691392
1.696162
1.700918
1.705662
1.710393
1.715111
1.719816
1.724509
1.729187
1.733853
1.738505
1.743143
1.747768
1.752379
1.756976
1.761559
1.766128
1.770683
1.775223
1.779749
1.784260
1.788756
1.793238
1.797705
1.802157
1.806593
1.811014
1.815420
1.819811
1.824185
1.828544
1.832888
1.837215
1.841526
1.845821
1.850100
1.854362
1.858608
1.862837
1.867049
1.871245
1.875423
1.879585
1.883729
1.887855
1.891965
1.896056
1.900130
1.904186
1.908225
1.912245
1.916247
1.920231
1.924196
1.928142
1.932071
1.935980
1.939871
1.943742
1.947595
1.951428
1.955241
1.959036
1.962810
1.966565
1.970301
1.974016
1.977711
1.981386
1.985041
1.988675
1.992289
1.995882
1.999454
2.003005
2.006536
2.010045
2.013533
2.016999
2.020444
2.023867
2.027269
2.030649
2.034007
2.037342
2.040656
2.043947
2.047216
2.050462
2.053685
2.056886
2.060063
2.063218
2.066349
2.069457
2.072542
2.075603
2.078640
2.081654
2.084643
2.087609
2.090550
2.093468
2.096361
2.099229
2.102072
2.104891
2.107685
2.110454
2.113198
2.115917
2.118610
2.121278
2.123920
2.126537
2.129127
2.131692
2.134231
2.136743
2.139229
2.141689
2.144122
2.146528
2.148908
2.151260
2.153586
2.155884
2.158156
2.160399
2.162616
2.164804
2.166965
2.169098
2.171203
2.173280
2.175329
2.177349
2.179341
2.181304
2.183239
2.185144
2.187021
2.188869
2.190687
2.192476
2.194236
2.195966
2.197667
2.199338
2.200979
2.202590
2.204171
2.205721
2.207242
2.208731
2.210191
2.211619
2.213017
2.214384
2.215720
2.217024
2.218298
2.219540
2.220750
2.221929
2.223076
2.224191
2.225275
2.226326
2.227345
2.228332
2.229287
2.230209
2.231098
2.231955
2.232779
2.233569
2.234327
2.235052
2.235743
2.236401
2.237026
2.237617
2.238174
2.238697
2.239186
2.239642
2.240063
2.240450
2.240803
2.241121
2.241405
2.241653
2.241868
2.242047
2.242191
2.242301
2.242375
2.242414
2.242417
2.242385
2.242317
2.242214
2.242075
2.241900
2.241689
2.241442
2.241158
2.240839
2.240483
2.240090
2.239661
2.239196
2.238693
2.238154
2.237578
2.236965
2.236314
2.235626
2.234902
2.234139
2.233339
2.232502
2.231627
2.230714
2.229763
2.228774
2.227747
2.226682
2.225579
2.224438
2.223258
2.222040
2.220783
2.219488
2.218153
2.216780
2.215369
2.213918
2.212428
2.210899
2.209331
2.207724
2.206077
2.204391
2.202665
2.200900
2.199095
2.197250
2.195366
2.193442
2.191478
2.189474
2.187429
2.185345
2.183220
2.181055
2.178850
2.176605
2.174319
2.171992
2.169625
2.167217
2.164769
2.162279
2.159749
2.157178
2.154566
2.151913
2.149219
2.146484
2.143707
2.140890
2.138031
2.135131
2.132189
2.129206
2.126182
2.123116
2.120008
2.116859
2.113668
2.110435
2.107161
2.103845
2.100487
2.097087
2.093646
2.090162
2.086637
2.083069
2.079460
2.075808
2.072114
2.068378
2.064600
2.060780
2.056918
2.053013
2.049066
2.045077
2.041045
2.036971
2.032855
2.028696
2.024495
2.020251
2.015966
2.011637
2.007266
2.002853
1.998398
1.993899
1.989359
1.984775
1.980150
1.975482
1.970771
1.966018
1.961222
1.956383
1.951503
1.946579
1.941613
1.936605
1.931554
1.926461
1.921325
1.916147
1.910926
1.905663
1.900358
1.895010
1.889620
1.884187
1.878712
1.873195
1.867635
1.862033
1.856389
1.850703
1.844974
1.839204
1.833391
1.827536
1.821639
1.815700
1.809719
1.803697
1.797632
1.791525
1.785377
1.779187
1.772955
1.766681
1.760366
1.754010
1.747611
1.741172
1.734691
1.728168
1.721604
1.715000
1.708354
1.701667
1.694938
1.688169
1.681359
1.674509
1.667617
1.660685
1.653712
1.646699
1.639645
1.632551
1.625417
1.618243
1.611028
1.603774
1.596479
1.589145
1.581771
1.574357
1.566904
1.559411
1.551879
1.544308
1.536697
1.529048
1.521360
1.513633
1.505867
1.498062
1.490219
1.482338
1.474418
1.466461
1.458465
1.450431
1.442360
1.434251
1.426104
1.417920
1.409699
1.401441
1.393146
1.384814
1.376445
1.368039
1.359597
1.351119
1.342605
1.334055
1.325468
1.316847
1.317348
1.308726
1.300068
1.291375
1.282647
1.273883
1.265085
1.256252
1.247385
1.238483
1.229547
1.220577
1.211573
1.202535
1.193464
1.184359
1.175221
1.166050
1.156847
1.147611
1.138342
1.129041
1.119708
1.110343
1.100946
1.091518
1.082058
1.072568
1.063046
1.053494
1.043911
1.034298
1.024655
1.014982
1.005279
0.995547
0.985785
0.975994
0.966175
0.956327
0.946450
0.936545
0.926613
0.916652
0.906664
0.896649
0.886606
0.876537
0.866441
0.856319
0.846171
0.835997
0.825797
0.815572
0.805321
0.795046
0.784746
0.774421
0.764073
0.753700
0.743304
0.732884
0.722441
0.711976
0.701487
0.690976
0.680443
0.669888
0.659312
0.648714
0.638095
0.627456
0.616796
0.606115
0.595415
0.584695
0.573955
0.563196
0.552419
0.541623
0.530808
0.519976
0.509126
0.498258
0.487373
0.476471
0.465553
0.454619
0.443668
0.432702
0.421720
0.410724
0.399712
0.388686
0.377646
0.366592
0.355525
0.344444
0.333350
0.322244
0.311125
0.299994
0.288851
0.277697
0.266532
0.255356
0.244170
0.232974
0.221767
0.210552
0.199327
0.188093
0.176851
0.165600
0.154342
0.143076
0.131802
0.120522
0.109236
0.097943
0.086644
0.075340
0.064030
0.052716
0.041397
0.030073
0.018746
0.007415
-0.003919
-0.015256
-0.026595
-0.037936
-0.049280
-0.060625
-0.071971
-0.083318
-0.094665
-0.106013
-0.117360
-0.128707
-0.140053
-0.151397
-0.162740
-0.174082
-0.185420
-0.196756
-0.208090
-0.219419
-0.230746
-0.242068
-0.253385
-0.264698
-0.276006
-0.287308
-0.298605
-0.309895
-0.321179
-0.332456
-0.343726
-0.354988
-0.366242
-0.377488
-0.388726
-0.399954
-0.411173
-0.422382
-0.433581
-0.444770
-0.455948
-0.467115
-0.478271
-0.489414
-0.500546
-0.511665
-0.522770
-0.533863
-0.544942
-0.556007
-0.567058
-0.578094
-0.589116
-0.600121
-0.611111
-0.622085
-0.633043
-0.643984
-0.654907
-0.665813
-0.676702
-0.687572
-0.698423
-0.709256
-0.720069
-0.730863
-0.741637
-0.752391
-0.763124
-0.773836
-0.784527
-0.795196
-0.805843
-0.816468
-0.827070
-0.837649
-0.848204
-0.858736
-0.869244
-0.879728
-0.890186
-0.900620
-0.911028
-0.921411
-0.931767
-0.942098
-0.952401
-0.962677
-0.972926
-0.983147
-0.993341
-1.003505
-1.013642
-1.023749
-1.033826
-1.043874
-1.053893
-1.063880
-1.073837
-1.083764
-1.093659
-1.103522
-1.113354
-1.123153
-1.132920
-1.142654
-1.152355
-1.162022
-1.171656
-1.181256
-1.190821
-1.200352
-1.209848
-1.219308
-1.228733
-1.238123
-1.247476
-1.256793
-1.266073
-1.275316
-1.284522
-1.293690
-1.302821
-1.311913
-1.320967
-1.329982
-1.338959
-1.347896
-1.356794
-1.365652
-1.374470
-1.383248
-1.391985
-1.400681
-1.409337
-1.417951
-1.426523
-1.435054
-1.443543
-1.451989
-1.460393
-1.468753
-1.477071
-1.485346
-1.493577
-1.501764
-1.509907
-1.518006
-1.526061
-1.534070
-1.542035
-1.549955
-1.557829
-1.565658
-1.573441
-1.581178
-1.588868
-1.596513
-1.604110
-1.611661
-1.619164
-1.626621
-1.634030
-1.641391
-1.648704
-1.655969
-1.663186
-1.670355
-1.677475
-1.684546
-1.691568
-1.698541
-1.705465
-1.712339
-1.719164
-1.725939
-1.732663
-1.739338
-1.745962
-1.752536
-1.759059
-1.765531
-1.771953
-1.778323
-1.784642
-1.790909
-1.797125
-1.803290
-1.809403
-1.815463
-1.821472
-1.827428
-1.833332
-1.839184
-1.844983
-1.850730
-1.856423
-1.862064
-1.867652
-1.873187
-1.878668
-1.884096
-1.889471
-1.894792
-1.900060
-1.905273
-1.910433
-1.915540
-1.920592
-1.925590
-1.930534
-1.935424
-1.940259
-1.945040
-1.949767
-1.954440
-1.959057
-1.963620
-1.968129
-1.972583
-1.976982
-1.981326
-1.985615
-1.989849
-1.994029
-1.998153
-2.002223
-2.006237
-2.010196
-2.014100
-2.017949
-2.021743
-2.025481
-2.029164
-2.032793
-2.036365
-2.039883
-2.043345
-2.046752
-2.050104
-2.053400
-2.056641
-2.059827
-2.062957
-2.066032
-2.069052
-2.072017
-2.074927
-2.077781
-2.080580
-2.083324
-2.086012
-2.088646
-2.091224
-2.093748
-2.096216
-2.098629
-2.100988
-2.103291
-2.105540
-2.107734
-2.109873
-2.111957
-2.113987
-2.115962
-2.117882
-2.119748
-2.121560
-2.123317
-2.125020
-2.126669
-2.128263
-2.129803
-2.131290
-2.132722
-2.134101
-2.135426
-2.136697
-2.137914
-2.139078
-2.140189
-2.141246
-2.142250
-2.143201
-2.144099
-2.144944
-2.145736
-2.146475
-2.147162
-2.147796
-2.148378
-2.148907
-2.149385
-2.149810
-2.150183
-2.150505
-2.150775
-2.150993
-2.151160
-2.151275
-2.151339
-2.151352
-2.151315
-2.151226
-2.151087
-2.150897
-2.150657
-2.150367
-2.150026
-2.149636
-2.149196
-2.148706
-2.148167
-2.147578
-2.146940
-2.146254
-2.145518
-2.144733
-2.143900
-2.143019
-2.142089
-2.141112
-2.140086
-2.139013
-2.137892
-2.136723
-2.135508
-2.134245
-2.132936
-2.131579
-2.130177
-2.128727
-2.127232
-2.125691
-2.124104
-2.122471
-2.120793
-2.119070
-2.117301
-2.115488
-2.113630
-2.111728
-2.109781
-2.107790
-2.105755
-2.103677
-2.101554
-2.099389
-2.097181
-2.094929
-2.092635
-2.090298
-2.087919
-2.085498
-2.083035
-2.080531
-2.077984
-2.075397
-2.072768
-2.070099
-2.067389
-2.064638
-2.061847
-2.059016
-2.056146
-2.053235
-2.050286
-2.047297
-2.044269
-2.041202
-2.038097
-2.034954
-2.031772
-2.028553
-2.025296
-2.022002
-2.018670
-2.015301
-2.011896
-2.008454
-2.004976
-2.001462
-1.997912
-1.994326
-1.990705
-1.987048
-1.983357
-1.979631
-1.975870
-1.972075
-1.968247
-1.964384
-1.960488
-1.956558
-1.952595
-1.948599
-1.944571
-1.940510
-1.936417
-1.932292
-1.928135
-1.923947
-1.919728
-1.915477
-1.911196
-1.906884
-1.902541
-1.898169
-1.893766
-1.889334
-1.884873
-1.880382
-1.875863
-1.871314
-1.866738
-1.862132
-1.857499
-1.852838
-1.848150
-1.843434
-1.838691
-1.833922
-1.829125
-1.824303
-1.819454
-1.814579
-1.809678
-1.804752
-1.799801
-1.794825
-1.789824
-1.784798
-1.779749
-1.774675
-1.769577
-1.764456
-1.759311
-1.754143
-1.748952
-1.743739
-1.738503
-1.733245
-1.727965
-1.722663
-1.717340
-1.711995
-1.706629
-1.701243
-1.695836
-1.690408
-1.684960
-1.679493
-1.674005
-1.668498
-1.662972
-1.657427
-1.651863
-1.646281
-1.640680
-1.635061
-1.629424
-1.623769
-1.618097
-1.612407
-1.606701
-1.600978
-1.595238
-1.589482
-1.583710
-1.577921
-1.572118
-1.566298
-1.560463
-1.554614
-1.548749
-1.542870
-1.536976
-1.531069
-1.525147
-1.519211
-1.513262
-1.507300
-1.501324
-1.495336
-1.489334
-1.483321
-1.477295
-1.471257
-1.465207
-1.459145
-1.453072
-1.446988
-1.440892
-1.434786
-1.428669
-1.422542
-1.416404
-1.410257
-1.404099
-1.397932
-1.391756
-1.385570
-1.379375
-1.373171
-1.366959
-1.360738
-1.354509
-1.348272
-1.342027
-1.335775
-1.329515
-1.323247
-1.316973
-1.310691
-1.304403
-1.298109
-1.291808
-1.285500
-1.279187
-1.272868
-1.266544
-1.260214
-1.253878
-1.247538
-1.241193
-1.234843
-1.228489
-1.222130
-1.215767
-1.209400
-1.203029
-1.196655
-1.190277
-1.183896
-1.177512
-1.171125
-1.164735
-1.158342
-1.151947
-1.145550
-1.139151
-1.132750
-1.126346
-1.119942
-1.113536
-1.107128
-1.100720
-1.094310
-1.087900
-1.081489
-1.075078
-1.068666
-1.062255
-1.055843
-1.049431
-1.043020
-1.036609
-1.030199
-1.023789
-1.017381
-1.010973
-1.004567
-0.998162
-0.991759
-0.985357
-0.978957
-0.972559
-0.966163
-0.959770
-0.953379
-0.946990
-0.940604
-0.934221
-0.927840
-0.921463
-0.915089
-0.908718
-0.902351
-0.895988
-0.889628
-0.883272
-0.876920
-0.870573
-0.864229
-0.857890
-0.851556
-0.845226
-0.838901
-0.832581
-0.826266
-0.819956
-0.813651
-0.807352
-0.801059
-0.794771
-0.788488
-0.782212
-0.775942
-0.769678
-0.763420
-0.757168
-0.750923
-0.744685
-0.738453
-0.732228
-0.726010
-0.719799
-0.713595
-0.707398
-0.701209
-0.695027
-0.688853
-0.682687
-0.676528
-0.670377
-0.664234
-0.658100
-0.651973
-0.645855
-0.639745
-0.633643
-0.627551
-0.621467
-0.615391
-0.609325
-0.603267
-0.597219
-0.591180
-0.585150
-0.579129
-0.573118
-0.567116
-0.561124
-0.555141
-0.549169
-0.543206
-0.537253
-0.531310
-0.525378
-0.519455
-0.513543
-0.507641
-0.501750
-0.495869
-0.489999
-0.484140
-0.478291
-0.472453
-0.466626
-0.460810
-0.455005
-0.449212
-0.443429
-0.437658
-0.431898
-0.426150
-0.420413
-0.414687
-0.408974
-0.403272
-0.397581
-0.391903
-0.386237
-0.380582
-0.374940
-0.369309
-0.363691
-0.358085
-0.352492
-0.346910
-0.341342
-0.335785
-0.330241
-0.324710
-0.319191
-0.313685
-0.308192
-0.302712
-0.297244
-0.291790
-0.286348
-0.280920
-0.275504
-0.270102
-0.264713
-0.259337
-0.253974
-0.248625
-0.243289
-0.237966
-0.232657
-0.227362
-0.222080
-0.216811
-0.211557
-0.206316
-0.201088
-0.195875
-0.190675
-0.185489
-0.180318
-0.175160
-0.170016
-0.164886
-0.159770
-0.154668
-0.149580
-0.144507
-0.139448
-0.134403
-0.129372
-0.124356
-0.119353
-0.114366
-0.109392
-0.104434
-0.099489
-0.094559
-0.089644
-0.084743
-0.079857
-0.074986
-0.070129
-0.065286
-0.060459
-0.055646
-0.050848
-0.046065
-0.041296
-0.036543
-0.031804
-0.027080
-0.022371
-0.017677
-0.012997
-0.008333
-0.003684
0.000950
0.005569
0.010174
0.014763
0.019337
0.023896
0.028439
0.032968
0.037482
0.041980
0.046463
0.050931
0.055384
0.059822
0.064244
0.068651
0.073043
0.077420
0.081781
0.086127
0.090458
0.094773
0.099073
0.103358
0.107628
0.111882
0.116120
0.120344
0.124552
0.128744
0.132921
0.137083
0.141230
0.145361
0.149476
0.153577
0.157661
0.161731
0.165785
0.169823
0.173846
0.177854
0.181846
0.185823
0.189784
0.193730
0.197661
0.201576
0.205475
0.209359
0.213228
0.217081
0.220919
0.224742
0.228549
0.232340
0.236117
0.239877
0.243623
0.247353
0.251067
0.254766
0.258450
0.262118
0.265771
0.269409
0.273031
0.276638
0.280229
0.283805
0.287366
0.290912
0.294442
0.297957
0.301456
0.304940
0.308409
0.311863
0.315301
0.318724
0.322132
0.325525
0.328902
0.332264
0.335611
0.338943
0.342259
0.345561
0.348847
0.352118
0.355374
0.358615
0.361841
0.365051
0.368247
0.371427
0.374593
0.377743
0.380878
0.383999
0.387104
0.390194
0.393270
0.396330
0.399376
0.402407
0.405422
0.408423
0.411409
0.414380
0.417337
0.420278
0.423205
0.426117
0.429014
0.431897
0.434764
0.437618
0.440456
0.443280
0.446089
0.448883
0.451663
0.454428
0.457179
0.459915
0.462637
0.465344
0.468037
0.470715
0.473379
0.476028
0.478663
0.481284
0.483890
