q_z
0.707107
0.707223
0.707337
0.707448
0.707556
0.707661
0.707764
0.707863
0.707960
0.708055
0.708146
0.708234
0.708320
0.708403
0.708484
0.708561
0.708636
0.708708
0.708777
0.708843
0.708907
0.708968
0.709026
0.709082
0.709134
0.709184
0.709231
0.709275
0.709317
0.709356
0.709392
0.709425
0.709456
0.709484
0.709509
0.709531
0.709551
0.709568
0.709582
0.709593
0.709602
0.709608
0.709611
0.709611
0.709609
0.709604
0.709596
0.709586
0.709572
0.709556
0.709538
0.709516
0.709492
0.709465
0.709436
0.709403
0.709368
0.709331
0.709290
0.709247
0.709201
0.709153
0.709101
0.709047
0.708991
0.708931
0.708869
0.708804
0.708737
0.708667
0.708594
0.708518
0.708440
0.708359
0.708275
0.708189
0.708100
0.708008
0.707913
0.707816
0.707716
0.707614
0.707508
0.707400
0.707290
0.707177
0.707061
0.706942
0.706821
0.706697
0.706570
0.706441
0.706309
0.706174
0.706037
0.705897
0.705754
0.705608
0.705460
0.705310
0.705156
0.705000
0.704842
0.704680
0.704516
0.704350
0.704180
0.704008
0.703834
0.703656
0.703476
0.703294
0.703108
0.702920
0.702730
0.702537
0.702341
0.702142
0.701941
0.701737
0.701531
0.701322
0.701110
0.700896
0.700679
0.700459
0.700237
0.700012
0.699784
0.699554
0.699321
0.699086
0.698848
0.698607
0.698364
0.698118
0.697869
0.697618
0.697364
0.697108
0.696849
0.696587
0.696323
0.696056
0.695786
0.695514
0.695239
0.694962
0.694682
0.694399
0.694114
0.693826
0.693536
0.693243
0.692947
0.692649
0.692348
0.692044
0.691738
0.691430
0.691118
0.690805
0.690488
0.690169
0.689847
0.689523
0.689196
0.688867
0.688534
0.688200
0.687863
0.687523
0.687180
0.686835
0.686488
0.686137
0.685785
0.685429
0.685071
0.684711
0.684348
0.683982
0.683614
0.683243
0.682869
0.682493
0.682115
0.681733
0.681350
0.680963
0.680574
0.680183
0.679789
0.679392
0.678993
0.678591
0.678187
0.677780
0.677370
0.676958
0.676544
0.676127
0.675707
0.675285
0.674860
0.674432
0.674002
0.673570
0.673135
0.672697
0.672257
0.671814
0.671369
0.670921
0.670470
0.670017
0.669562
0.669104
0.668643
0.668180
0.667714
0.667246
0.666775
0.666302
0.665826
0.665347
0.664866
0.664383
0.663897
0.663408
0.662917
0.662423
0.661927
0.661428
0.660927
0.660423
0.659917
0.659408
0.658896
0.658382
0.657866
0.657347
0.656825
0.656301
0.655774
0.655245
0.654713
0.654179
0.653642
0.653103
0.652561
0.652017
0.651470
0.650921
0.650369
0.649815
0.649258
0.648698
0.648136
0.647572
0.647005
0.646435
0.645863
0.645289
0.644712
0.644132
0.643550
0.642965
0.642378
0.641789
0.641196
0.640602
0.640005
0.639405
0.638803
0.638198
0.637591
0.636981
0.636369
0.635755
0.635137
0.634518
0.633896
0.633271
0.632644
0.632014
0.631382
0.630747
0.630110
0.629470
0.628828
0.628184
0.627537
0.626887
0.626235
0.625580
0.624923
0.624264
0.623601
0.622937
0.622270
0.621600
0.620928
0.620254
0.619577
0.618897
0.618215
0.617531
0.616844
0.616155
0.615463
0.614768
0.614072
0.613372
0.612671
0.611966
0.611260
0.610550
0.609839
0.609125
0.608408
0.607689
0.606967
0.606243
0.605517
0.604788
0.604056
0.603322
0.602586
0.601847
0.601106
0.600362
0.599616
0.598867
0.598116
0.597362
0.596606
0.595848
0.595087
0.594323
0.593557
0.592789
0.592018
0.591245
0.590469
0.589691
0.588910
0.588127
0.587342
0.586554
0.585763
0.584970
0.584175
0.583377
0.582577
0.581774
0.580969
0.580161
0.579351
0.578539
0.577724
0.576906
0.576087
0.575264
0.574440
0.573612
0.572783
0.571951
0.571116
0.570280
0.569440
0.568598
0.567754
0.566908
0.566058
0.565207
0.564353
0.563497
0.562638
0.561777
0.560913
0.560047
0.559178
0.558307
0.557434
0.556558
0.555680
0.554799
0.553916
0.553031
0.552143
0.551253
0.550360
0.549465
0.548567
0.547667
0.546765
0.545860
0.544952
0.544043
0.543131
0.542216
0.541299
0.540380
0.539458
0.538534
0.537607
0.536678
0.535747
0.534813
0.533877
0.532938
0.531997
0.531054
0.530108
0.529160
0.528209
0.527256
0.526301
0.525343
0.524383
0.523420
0.522455
0.521488
0.520518
0.519546
0.518571
0.517594
0.516615
0.515633
0.514649
0.513662
0.512673
0.511682
0.510688
0.509692
0.508694
0.507693
0.506689
0.505684
0.504676
0.503665
0.502652
0.501637
0.500620
0.499600
0.498578
0.497553
0.496526
0.495496
0.494465
0.493430
0.492394
0.491355
0.490314
0.489270
0.488224
0.487175
0.486125
0.485072
0.484016
0.482958
0.481898
0.480835
0.479770
0.478703
0.477633
0.476561
0.475487
0.474410
0.473331
0.472250
0.471166
0.470080
0.468991
0.467900
0.466807
0.465712
0.464614
0.463513
0.462411
0.461306
0.460199
0.459089
0.457977
0.456863
0.455746
0.454627
0.453506
0.452382
0.451256
0.450128
0.448997
0.447864
0.446729
0.445591
0.444451
0.443309
0.442164
0.441017
0.439868
0.438716
0.437562
0.436406
0.435247
0.434087
0.432923
0.431758
0.430590
0.429420
0.428247
0.427073
0.425895
0.424716
0.423534
0.422350
0.421164
0.419975
0.418785
0.417591
0.416396
0.415198
0.413998
0.412795
0.411591
0.410384
0.409174
0.407963
0.406749
0.405533
0.404314
0.403094
0.401870
0.400645
0.399418
0.398188
0.396956
0.395721
0.394484
0.393245
0.392004
0.390761
0.389515
0.388267
0.387016
0.385764
0.384509
0.383252
0.381992
0.380731
0.379467
0.378201
0.376932
0.375661
0.374388
0.373113
0.371836
0.370556
0.369274
0.367990
0.366704
0.365415
0.364124
0.362831
0.361535
0.360238
0.358938
0.357636
0.356332
0.355025
0.353716
0.352405
0.351092
0.349777
0.348459
0.347139
0.345817
0.344493
0.343166
0.341837
0.340506
0.339173
0.337838
0.336500
0.335160
0.333818
0.332474
0.331128
0.329779
0.328429
0.327076
0.325721
0.324363
0.323004
0.321642
0.320278
0.318912
0.317544
0.316173
0.314801
0.313426
0.312049
0.310670
0.309289
0.307905
0.306520
0.305132
0.303742
0.302350
0.300956
0.299560
0.298161
0.296761
0.295358
0.293953
0.292546
0.291137
0.289725
0.288312
0.286896
0.285479
0.284059
0.282637
0.281213
0.279787
0.278358
0.276928
0.275495
0.274061
0.272624
0.271185
0.269744
0.268301
0.266856
0.265409
0.263960
0.262508
0.261055
0.259599
0.258142
0.256682
0.255220
0.253756
0.252290
0.250822
0.249352
0.247880
0.246406
0.244930
0.243452
0.241971
0.240489
0.239005
0.237518
0.236030
0.234539
0.233047
0.231552
0.230056
0.228557
0.227056
0.225554
0.224049
0.222542
0.221034
0.219523
0.218011
0.216496
0.214979
0.213461
0.211940
0.210417
0.208893
0.207366
0.205838
0.204307
0.202775
0.201240
0.199704
0.198166
0.196626
0.195083
0.193539
0.191993
0.190445
0.188895
0.187343
0.185789
0.184234
0.182676
0.181116
0.179555
0.177992
0.176426
0.174859
0.173290
0.171719
0.170146
0.168571
0.166995
0.165416
0.163836
0.162254
0.160670
0.159084
0.157496
0.155906
0.154315
0.152721
0.151126
0.149529
0.147930
0.146330
0.144727
0.143123
0.141517
0.139909
0.138299
0.136688
0.135074
0.133459
0.131842
0.130224
0.128603
0.126981
0.125357
0.123731
0.122104
0.120475
0.118844
0.117211
0.115577
0.113940
0.112302
0.110663
0.109022
0.107379
0.105734
0.104087
0.102439
0.100789
0.099138
0.097485
0.095830
0.094173
0.092515
0.090855
0.089194
0.087531
0.085866
0.084199
0.082531
0.080862
0.079190
0.077517
0.075843
0.074167
0.072489
0.070810
0.069129
0.067446
0.065762
0.064077
0.062390
0.060701
0.059011
0.057319
0.055626
0.053931
0.052234
0.050536
0.048837
0.047136
0.045434
0.043730
0.042024
0.040318
0.038609
0.036900
0.035188
0.033476
0.031761
0.030046
0.028329
0.026610
0.024891
0.023169
0.021447
0.019723
0.017997
0.016270
0.014542
0.012813
0.011082
0.009349
0.007616
0.005881
0.004145
0.002407
0.000668
-0.001072
-0.002814
-0.004557
-0.006301
-0.008046
-0.009793
-0.011541
-0.013290
-0.015040
-0.016792
-0.018545
-0.020299
-0.022054
-0.023811
-0.025568
-0.027327
-0.029087
-0.030849
-0.032611
-0.034375
-0.036139
-0.037905
-0.039672
-0.041440
-0.043210
-0.044980
-0.046751
-0.048524
-0.050297
-0.052072
-0.053848
-0.055625
-0.057402
-0.059181
-0.060961
-0.062742
-0.064524
-0.066307
-0.068091
-0.069876
-0.071661
-0.073448
-0.075236
-0.077025
-0.078814
-0.080605
-0.082396
-0.084189
-0.085982
-0.087776
-0.089571
-0.091367
-0.093163
-0.094961
-0.096759
-0.098558
-0.100358
-0.102159
-0.103961
-0.105763
-0.107566
-0.109370
-0.111175
-0.112980
-0.114786
-0.116593
-0.118401
-0.120209
-0.122018
-0.123827
-0.125638
-0.127449
-0.129260
-0.131072
-0.132885
-0.134698
-0.136512
-0.138327
-0.140142
-0.141958
-0.143774
-0.145591
-0.147408
-0.149226
-0.151044
-0.152863
-0.154682
-0.156502
-0.158322
-0.160143
-0.161964
-0.163785
-0.165607
-0.167430
-0.169252
-0.171075
-0.172899
-0.174722
-0.176547
-0.178371
-0.180196
-0.182021
-0.183846
-0.185671
-0.187497
-0.189323
-0.191150
-0.192976
-0.194803
-0.196630
-0.198457
-0.200284
-0.202111
-0.203939
-0.205766
-0.207594
-0.209422
-0.211250
-0.213078
-0.214906
-0.216734
-0.218562
-0.220390
-0.222218
-0.224046
-0.225874
-0.227702
-0.229530
-0.231358
-0.233186
-0.235013
-0.236841
-0.238668
-0.240496
-0.242323
-0.244150
-0.245976
-0.247803
-0.249629
-0.251455
-0.253281
-0.255107
-0.256932
-0.258757
-0.260582
-0.262406
-0.264230
-0.266054
-0.267877
-0.269700
-0.271523
-0.273345
-0.275167
-0.276988
-0.278809
-0.280629
-0.282449
-0.284268
-0.286087
-0.287905
-0.289723
-0.291540
-0.293356
-0.295172
-0.296987
-0.298802
-0.300616
-0.302429
-0.304242
-0.306053
-0.307865
-0.309675
-0.311485
-0.313293
-0.315102
-0.316909
-0.318715
-0.320521
-0.322326
-0.324129
-0.325932
-0.327734
-0.329535
-0.331336
-0.333135
-0.334933
-0.336730
-0.338527
-0.340322
-0.342116
-0.343909
-0.345701
-0.347492
-0.349281
-0.351070
-0.352857
-0.354644
-0.356429
-0.358212
-0.359995
-0.359995
-0.361778
-0.363560
-0.365339
-0.367117
-0.368893
-0.370667
-0.372438
-0.374208
-0.375976
-0.377741
-0.379505
-0.381266
-0.383025
-0.384783
-0.386538
-0.388291
-0.390041
-0.391790
-0.393537
-0.395281
-0.397023
-0.398763
-0.400500
-0.402236
-0.403969
-0.405700
-0.407428
-0.409155
-0.410879
-0.412601
-0.414320
-0.416037
-0.417752
-0.419464
-0.421174
-0.422882
-0.424587
-0.426290
-0.427990
-0.429688
-0.431384
-0.433077
-0.434767
-0.436456
-0.438141
-0.439824
-0.441505
-0.443183
-0.444859
-0.446532
-0.448203
-0.449871
-0.451536
-0.453199
-0.454859
-0.456517
-0.458172
-0.459824
-0.461474
-0.463121
-0.464766
-0.466408
-0.468047
-0.469683
-0.471317
-0.472948
-0.474577
-0.476202
-0.477825
-0.479445
-0.481063
-0.482678
-0.484290
-0.485899
-0.487505
-0.489109
-0.490709
-0.492307
-0.493902
-0.495495
-0.497084
-0.498671
-0.500254
-0.501835
-0.503413
-0.504988
-0.506560
-0.508130
-0.509696
-0.511259
-0.512820
-0.514377
-0.515932
-0.517484
-0.519032
-0.520578
-0.522121
-0.523661
-0.525197
-0.526731
-0.528262
-0.529789
-0.531314
-0.532836
-0.534354
-0.535870
-0.537382
-0.538891
-0.540398
-0.541901
-0.543401
-0.544898
-0.546392
-0.547883
-0.549370
-0.550855
-0.552336
-0.553814
-0.555289
-0.556761
-0.558230
-0.559696
-0.561158
-0.562617
-0.564073
-0.565526
-0.566975
-0.568422
-0.569865
-0.571305
-0.572741
-0.574175
-0.575605
-0.577032
-0.578455
-0.579876
-0.581293
-0.582706
-0.584117
-0.585524
-0.586928
-0.588328
-0.589726
-0.591119
-0.592510
-0.593897
-0.595281
-0.596661
-0.598039
-0.599412
-0.600783
-0.602150
-0.603514
-0.604874
-0.606231
-0.607584
-0.608934
-0.610281
-0.611624
-0.612964
-0.614300
-0.615633
-0.616963
-0.618289
-0.619611
-0.620930
-0.622246
-0.623558
-0.624867
-0.626172
-0.627474
-0.628772
-0.630067
-0.631358
-0.632646
-0.633930
-0.635211
-0.636488
-0.637762
-0.639032
-0.640299
-0.641562
-0.642821
-0.644077
-0.645330
-0.646579
-0.647824
-0.649066
-0.650304
-0.651538
-0.652769
-0.653997
-0.655221
-0.656441
-0.657657
-0.658870
-0.660080
-0.661285
-0.662487
-0.663686
-0.664881
-0.666072
-0.667259
-0.668443
-0.669624
-0.670800
-0.671973
-0.673142
-0.674308
-0.675470
-0.676628
-0.677783
-0.678934
-0.680081
-0.681225
-0.682364
-0.683500
-0.684633
-0.685762
-0.686887
-0.688008
-0.689125
-0.690239
-0.691349
-0.692456
-0.693558
-0.694657
-0.695752
-0.696844
-0.697931
-0.699015
-0.700095
-0.701172
-0.702244
-0.703313
-0.704378
-0.705440
-0.706497
-0.707551
-0.708601
-0.709647
-0.710689
-0.711728
-0.712763
-0.713794
-0.714821
-0.715844
-0.716864
-0.717879
-0.718891
-0.719899
-0.720904
-0.721904
-0.722901
-0.723893
-0.724882
-0.725867
-0.726848
-0.727826
-0.728799
-0.729769
-0.730735
-0.731697
-0.732655
-0.733609
-0.734559
-0.735506
-0.736449
-0.737387
-0.738322
-0.739253
-0.740180
-0.741103
-0.742023
-0.742938
-0.743850
-0.744757
-0.745661
-0.746561
-0.747457
-0.748349
-0.749237
-0.750121
-0.751001
-0.751878
-0.752750
-0.753619
-0.754483
-0.755344
-0.756201
-0.757053
-0.757902
-0.758747
-0.759588
-0.760425
-0.761258
-0.762088
-0.762913
-0.763734
-0.764551
-0.765365
-0.766174
-0.766980
-0.767781
-0.768579
-0.769372
-0.770162
-0.770947
-0.771729
-0.772507
-0.773280
-0.774050
-0.774816
-0.775578
-0.776335
-0.777089
-0.777839
-0.778585
-0.779327
-0.780065
-0.780799
-0.781528
-0.782254
-0.782976
-0.783694
-0.784408
-0.785118
-0.785824
-0.786526
-0.787223
-0.787917
-0.788607
-0.789293
-0.789975
-0.790653
-0.791326
-0.791996
-0.792662
-0.793324
-0.793981
-0.794635
-0.795285
-0.795930
-0.796572
-0.797209
-0.797843
-0.798472
-0.799098
-0.799719
-0.800337
-0.800950
-0.801560
-0.802165
-0.802766
-0.803363
-0.803956
-0.804546
-0.805131
-0.805712
-0.806289
-0.806862
-0.807431
-0.807995
-0.808556
-0.809113
-0.809666
-0.810214
-0.810759
-0.811299
-0.811836
-0.812368
-0.812897
-0.813421
-0.813941
-0.814458
-0.814970
-0.815478
-0.815982
-0.816482
-0.816978
-0.817469
-0.817957
-0.818441
-0.818920
-0.819396
-0.819867
-0.820335
-0.820798
-0.821257
-0.821713
-0.822164
-0.822611
-0.823054
-0.823493
-0.823928
-0.824358
-0.824785
-0.825208
-0.825626
-0.826041
-0.826451
-0.826857
-0.827260
-0.827658
-0.828052
-0.828442
-0.828828
-0.829210
-0.829587
-0.829961
-0.830331
-0.830696
-0.831058
-0.831415
-0.831769
-0.832118
-0.832463
-0.832804
-0.833141
-0.833474
-0.833803
-0.834127
-0.834448
-0.834765
-0.835077
-0.835386
-0.835690
-0.835990
-0.836286
-0.836579
-0.836867
-0.837151
-0.837430
-0.837706
-0.837978
-0.838246
-0.838509
-0.838769
-0.839024
-0.839275
-0.839523
-0.839766
-0.840005
-0.840240
-0.840471
-0.840698
-0.840920
-0.841139
-0.841354
-0.841564
-0.841771
-0.841973
-0.842172
-0.842366
-0.842556
-0.842742
-0.842924
-0.843102
-0.843276
-0.843446
-0.843612
-0.843773
-0.843931
-0.844085
-0.844234
-0.844380
-0.844521
-0.844658
-0.844791
-0.844921
-0.845046
-0.845167
-0.845284
-0.845397
-0.845506
-0.845610
-0.845711
-0.845808
-0.845901
-0.845989
-0.846074
-0.846154
-0.846231
-0.846303
-0.846371
-0.846436
-0.846496
-0.846552
-0.846604
-0.846652
-0.846696
-0.846736
-0.846772
-0.846804
-0.846832
-0.846856
-0.846876
-0.846891
-0.846903
-0.846911
-0.846915
-0.846914
-0.846910
-0.846901
-0.846889
-0.846873
-0.846852
-0.846828
-0.846799
-0.846766
-0.846730
-0.846689
-0.846645
-0.846596
-0.846543
-0.846487
-0.846426
-0.846361
-0.846293
-0.846220
-0.846143
-0.846063
-0.845978
-0.845889
-0.845797
-0.845700
-0.845599
-0.845495
-0.845386
-0.845274
-0.845157
-0.845036
-0.844912
-0.844783
-0.844651
-0.844514
-0.844374
-0.844229
-0.844081
-0.843928
-0.843772
-0.843612
-0.843447
-0.843279
-0.843107
-0.842931
-0.842751
-0.842567
-0.842379
-0.842187
-0.841991
-0.841791
-0.841587
-0.841379
-0.841168
-0.840952
-0.840732
-0.840509
-0.840282
-0.840050
-0.839815
-0.839576
-0.839333
-0.839086
-0.838835
-0.838580
-0.838321
-0.838059
-0.837792
-0.837522
-0.837247
-0.836969
-0.836687
-0.836401
-0.836111
-0.835817
-0.835520
-0.835218
-0.834913
-0.834604
-0.834290
-0.833973
-0.833653
-0.833328
-0.832999
-0.832667
-0.832331
-0.831990
-0.831646
-0.831299
-0.830947
-0.830591
-0.830232
-0.829869
-0.829502
-0.829131
-0.828756
-0.828378
-0.827996
-0.827610
-0.827220
-0.826826
-0.826428
-0.826027
-0.825622
-0.825213
-0.824801
-0.824384
-0.823964
-0.823540
-0.823112
-0.822681
-0.822245
-0.821806
-0.821363
-0.820917
-0.820466
-0.820012
-0.819554
-0.819093
-0.818628
-0.818159
-0.817686
-0.817209
-0.816729
-0.816245
-0.815757
-0.815266
-0.814771
-0.814272
-0.813770
-0.813264
-0.812754
-0.812240
-0.811723
-0.811202
-0.810678
-0.810150
-0.809618
-0.809082
-0.808543
-0.808000
-0.807454
-0.806904
-0.806350
-0.805793
-0.805231
-0.804667
-0.804099
-0.803527
-0.802951
-0.802372
-0.801790
-0.801203
-0.800613
-0.800020
-0.799423
-0.798822
-0.798218
-0.797611
-0.796999
-0.796384
-0.795766
-0.795144
-0.794519
-0.793890
-0.793257
-0.792621
-0.791981
-0.791338
-0.790692
-0.790042
-0.789388
-0.788731
-0.788070
-0.787406
-0.786739
-0.786068
-0.785393
-0.784715
-0.784034
-0.783349
-0.782661
-0.781969
-0.781274
-0.780575
-0.779873
-0.779168
-0.778459
-0.777747
-0.777031
-0.776312
-0.775590
-0.774864
-0.774135
-0.773403
-0.772667
-0.771928
-0.771185
-0.770439
-0.769690
-0.768937
-0.768181
-0.767422
-0.766660
-0.765894
-0.765125
-0.764352
-0.763577
-0.762798
-0.762016
-0.761230
-0.760441
-0.759650
-0.758854
-0.758056
-0.757254
-0.756449
-0.755641
-0.754830
-0.754015
-0.753198
-0.752377
-0.751553
-0.750725
-0.749895
-0.749061
-0.748225
-0.747385
-0.746542
-0.745696
-0.744846
-0.743994
-0.743139
-0.742280
-0.741418
-0.740554
-0.739686
-0.738815
-0.737941
-0.737064
-0.736184
-0.735301
-0.734415
-0.733526
-0.732634
-0.731739
-0.730841
-0.729940
-0.729036
-0.728129
-0.727219
-0.726306
-0.725390
-0.724471
-0.723549
-0.722625
-0.721697
-0.720767
-0.719833
-0.718897
-0.717958
-0.717016
-0.716071
-0.715124
-0.714173
-0.713220
-0.712264
-0.711305
-0.710343
-0.709378
-0.708411
-0.707441
-0.706468
-0.705492
-0.704514
-0.703533
-0.702549
-0.701562
-0.700573
-0.699581
-0.698587
-0.697589
-0.696589
-0.695587
-0.694581
-0.693573
-0.692563
-0.691550
-0.690534
-0.689516
-0.688495
-0.687471
-0.686445
-0.685416
-0.684385
-0.683351
-0.682315
-0.681276
-0.680235
-0.679191
-0.678145
-0.677096
-0.676045
-0.674991
-0.673935
-0.672877
-0.671816
-0.670753
-0.669687
-0.668619
-0.667548
-0.666475
-0.665400
-0.664323
-0.663243
-0.662161
-0.661076
-0.659990
-0.658901
-0.657809
-0.656716
-0.655620
-0.654522
-0.653422
-0.652319
-0.651215
-0.650108
-0.648999
-0.647888
-0.646774
-0.645659
-0.644541
-0.643422
-0.642300
-0.641176
-0.640050
-0.638922
-0.637792
-0.636660
-0.635526
-0.634390
-0.633252
-0.632111
-0.630969
-0.629825
-0.628679
-0.627532
-0.626382
-0.625230
-0.624076
-0.622921
-0.621764
-0.620604
-0.619443
-0.618281
-0.617116
-0.615949
-0.614781
-0.613611
-0.612439
-0.611266
-0.610091
-0.608914
-0.607735
-0.606555
-0.605373
-0.604189
-0.603004
-0.601817
-0.600628
-0.599438
-0.598247
-0.597053
-0.595858
-0.594662
-0.593464
-0.592265
-0.591064
-0.589861
-0.588657
-0.587452
-0.586245
-0.585037
-0.583828
-0.582617
-0.581404
-0.580191
-0.578976
-0.577759
-0.576542
-0.575323
-0.574102
-0.572881
-0.571658
-0.570434
-0.569209
-0.567982
-0.566755
-0.565526
-0.564296
-0.563065
-0.561832
-0.560599
-0.559365
-0.558129
-0.556892
-0.555655
-0.554416
-0.553177
-0.551936
-0.550694
-0.549452
-0.548208
-0.546964
-0.545718
-0.544472
-0.543225
-0.541977
-0.540728
-0.539478
-0.538228
-0.536976
-0.535724
-0.534471
-0.533218
-0.531964
-0.530708
-0.529453
-0.528196
-0.526939
-0.525682
-0.524423
-0.523164
-0.521905
-0.520645
-0.519384
-0.518123
-0.516861
-0.515599
-0.514337
-0.513073
-0.511810
-0.510546
-0.509282
-0.508017
-0.506752
-0.505486
-0.504220
-0.502954
-0.501688
-0.500421
-0.499154
-0.497886
-0.496619
-0.495351
-0.494083
-0.492815
-0.491547
-0.490279
-0.489010
-0.487741
-0.486473
-0.485204
-0.483935
-0.482666
-0.481398
-0.480129
-0.478860
-0.477591
-0.476322
-0.475054
-0.473785
-0.472517
-0.471249
-0.469981
-0.468713
-0.467445
-0.466178
-0.464910
-0.463643
-0.462377
-0.461110
-0.459844
-0.458578
-0.457313
-0.456048
-0.454783
-0.453519
-0.452255
-0.450992
-0.449729
-0.448466
-0.447205
-0.445943
-0.444682
-0.443422
-0.442162
-0.440903
