W_X
0.333333
0.333366
0.333402
0.333435
0.333469
0.333499
0.333535
0.333567
0.333597
0.333634
0.333664
0.333693
0.333726
0.333760
0.333790
0.333820
0.333852
0.333879
0.333915
0.333940
0.333975
0.334001
0.334032
0.334060
0.334089
0.334122
0.334146
0.334175
0.334206
0.334234
0.334258
0.334290
0.334315
0.334345
0.334367
0.334397
0.334425
0.334451
0.334474
0.334502
0.334529
0.334554
0.334583
0.334603
0.334630
0.334654
0.334682
0.334703
0.334729
0.334752
0.334778
0.334800
0.334824
0.334847
0.334872
0.334892
0.334918
0.334939
0.334960
0.334986
0.335004
0.335031
0.335051
0.335069
0.335094
0.335115
0.335134
0.335159
0.335175
0.335198
0.335218
0.335240
0.335256
0.335278
0.335296
0.335319
0.335336
0.335355
0.335375
0.335395
0.335409
0.335429
0.335452
0.335467
0.335484
0.335502
0.335517
0.335538
0.335554
0.335573
0.335591
0.335603
0.335620
0.335641
0.335653
0.335671
0.335686
0.335703
0.335719
0.335731
0.335748
0.335764
0.335776
0.335794
0.335806
0.335824
0.335834
0.335854
0.335864
0.335877
0.335891
0.335906
0.335918
0.335932
0.335945
0.335957
0.335972
0.335986
0.335996
0.336006
0.336020
0.336033
0.336045
0.336050
0.336066
0.336081
0.336089
0.336100
0.336110
0.336122
0.336133
0.336143
0.336152
0.336160
0.336176
0.336182
0.336191
0.336203
0.336208
0.336221
0.336228
0.336242
0.336242
0.336260
0.336259
0.336274
0.336277
0.336288
0.336293
0.336307
0.336307
0.336323
0.336322
0.336332
0.336340
0.336349
0.336355
0.336352
0.336366
0.336372
0.336377
0.336382
0.336390
0.336396
0.336405
0.336403
0.336412
0.336418
0.336418
0.336424
0.336432
0.336432
0.336443
0.336442
0.336442
0.336455
0.336454
0.336461
0.336456
0.336469
0.336470
0.336472
0.336469
0.336479
0.336474
0.336479
0.336493
0.336483
0.336487
0.336490
0.336489
0.336493
0.336494
0.336496
0.336498
0.336497
0.336497
0.336507
0.336494
0.336497
0.336504
0.336494
0.336507
0.336498
0.336498
0.336504
0.336494
0.336504
0.336484
0.336499
0.336493
0.336495
0.336495
0.336497
0.336478
0.336486
0.336485
0.336493
0.336479
0.336464
0.336483
0.336467
0.336477
0.336466
0.336468
0.336462
0.336439
0.336454
0.336456
0.336438
0.336447
0.336443
0.336435
0.336417
0.336424
0.336418
0.336410
0.336410
0.336416
0.336402
0.336374
0.336396
0.336382
0.336375
0.336365
0.336371
0.336355
0.336340
0.336352
0.336324
0.336330
0.336336
0.336303
0.336309
0.336305
0.336285
0.336281
0.336287
0.336268
0.336248
0.336250
0.336237
0.336245
0.336217
0.336223
0.336211
0.336197
0.336173
0.336181
0.336183
0.336147
0.336155
0.336132
0.336127
0.336107
0.336115
0.336094
0.336074
0.336081
0.336065
0.336046
0.336034
0.336023
0.336016
0.336012
0.335977
0.335982
0.335963
0.335960
0.335932
0.335934
0.335906
0.335909
0.335884
0.335867
0.335860
0.335839
0.335827
0.335805
0.335801
0.335800
0.335780
0.335747
0.335737
0.335740
0.335685
0.335708
0.335690
0.335654
0.335650
0.335619
0.335612
0.335591
0.335579
0.335586
0.335538
0.335520
0.335526
0.335479
0.335473
0.335465
0.335444
0.335426
0.335395
0.335395
0.335346
0.335356
0.335317
0.335322
0.335277
0.335264
0.335245
0.335231
0.335231
0.335191
0.335160
0.335133
0.335120
0.335118
0.335081
0.335055
0.335047
0.335013
0.335000
0.334974
0.334948
0.334930
0.334912
0.334876
0.334864
0.334830
0.334827
0.334780
0.334762
0.334742
0.334730
0.334673
0.334666
0.334662
0.334592
0.334599
0.334555
0.334565
0.334512
0.334479
0.334479
0.334431
0.334416
0.334373
0.334365
0.334307
0.334327
0.334255
0.334256
0.334215
0.334179
0.334186
0.334114
0.334112
0.334085
0.334039
0.334005
0.334011
0.333956
0.333925
0.333901
0.333855
0.333833
0.333824
0.333762
0.333753
0.333702
0.333679
0.333654
0.333617
0.333579
0.333570
0.333493
0.333488
0.333466
0.333399
0.333407
0.333351
0.333291
0.333289
0.333261
0.333217
0.333178
0.333140
0.333108
0.333049
0.333049
0.332979
0.332983
0.332920
0.332882
0.332852
0.332824
0.332773
0.332731
0.332715
0.332672
0.332619
0.332584
0.332536
0.332512
0.332471
0.332407
0.332395
0.332362
0.332287
0.332284
0.332217
0.332176
0.332161
0.332104
0.332049
0.332022
0.331953
0.331956
0.331872
0.331857
0.331802
0.331727
0.331726
0.331680
0.331615
0.331577
0.331520
0.331490
0.331438
0.331416
0.331349
0.331288
0.331250
0.331240
0.331142
0.331118
0.331049
0.331030
0.330970
0.330933
0.330859
0.330829
0.330784
0.330694
0.330698
0.330618
0.330562
0.330508
0.330482
0.330414
0.330371
0.330310
0.330277
0.330172
0.330172
0.330119
0.330032
0.329990
0.329931
0.329894
0.329843
0.329772
0.329703
0.329656
0.329618
0.329536
0.329503
0.329431
0.329379
0.329331
0.329247
0.329210
0.329124
0.329097
0.329023
0.328972
0.328884
0.328862
0.328760
0.328748
0.328668
0.328573
0.328553
0.328461
0.328416
0.328340
0.328305
0.328200
0.328159
0.328106
0.328017
0.327963
0.327895
0.327818
0.327784
0.327671
0.327647
0.327562
0.327495
0.327412
0.327380
0.327285
0.327211
0.327164
0.327078
0.327006
0.326932
0.326874
0.326775
0.326747
0.326631
0.326596
0.326483
0.326451
0.326354
0.326271
0.326222
0.326118
0.326061
0.325996
0.325908
0.325819
0.325752
0.325676
0.325606
0.325507
0.325433
0.325349
0.325289
0.325213
0.325096
0.325045
0.324948
0.324915
0.324774
0.324694
0.324652
0.324538
0.324442
0.324405
0.324264
0.324217
0.324122
0.324051
0.323931
0.323858
0.323794
0.323665
0.323601
0.323517
0.323419
0.323312
0.323260
0.323131
0.323067
0.322951
0.322882
0.322788
0.322683
0.322593
0.322509
0.322394
0.322321
0.322207
0.322132
0.321992
0.321956
0.321819
0.321731
0.321623
0.321547
0.321425
0.321327
0.321244
0.321128
0.321044
0.320915
0.320846
0.320703
0.320639
0.320487
0.320429
0.320299
0.320195
0.320117
0.319979
0.319878
0.319761
0.319658
0.319551
0.319463
0.319341
0.319209
0.319121
0.319012
0.318865
0.318791
0.318667
0.318540
0.318435
0.318325
0.318214
0.318073
0.317960
0.317867
0.317740
0.317597
0.317506
0.317390
0.317253
0.317134
0.317025
0.316872
0.316765
0.316648
0.316534
0.316387
0.316271
0.316151
0.316034
0.315879
0.315769
0.315637
0.315507
0.315383
0.315236
0.315118
0.314979
0.314864
0.314723
0.314581
0.314466
0.314315
0.314185
0.314037
0.313881
0.313791
0.313650
0.313474
0.313337
0.313222
0.313062
0.312942
0.312809
0.312629
0.312536
0.312341
0.312215
0.312066
0.311930
0.311749
0.311625
0.311507
0.311302
0.311180
0.311039
0.310864
0.310723
0.310572
0.310434
0.310233
0.310102
0.309979
0.309787
0.309634
0.309471
0.309323
0.309174
0.308983
0.308818
0.308686
0.308531
0.308330
0.308180
0.308036
0.307831
0.307707
0.307521
0.307342
0.307167
0.307025
0.306842
0.306645
0.306516
0.306338
0.306134
0.305975
0.305813
0.305588
0.305485
0.305251
0.305085
0.304903
0.304734
0.304543
0.304366
0.304180
0.303989
0.303823
0.303607
0.303420
0.303280
0.303022
0.302889
0.302679
0.302520
0.302263
0.302130
0.301918
0.301678
0.301541
0.301338
0.301104
0.300928
0.300718
0.300561
0.300314
0.300145
0.299904
0.299720
0.299517
0.299300
0.299103
0.298894
0.298692
0.298467
0.298259
0.298048
0.297827
0.297640
0.297426
0.297146
0.296988
0.296791
0.296526
0.296294
0.296143
0.295838
0.295695
0.295433
0.295174
0.294996
0.294782
0.294528
0.294275
0.294103
0.293822
0.293614
0.293372
0.293169
0.292848
0.292697
0.292419
0.292183
0.291958
0.291725
0.291461
0.291237
0.290969
0.290751
0.290494
0.290279
0.289985
0.289768
0.289520
0.289235
0.288986
0.288742
0.288499
0.288221
0.287985
0.287706
0.287515
0.287156
0.286972
0.286620
0.286442
0.286131
0.285915
0.285612
0.285313
0.285101
0.284805
0.284513
0.284264
0.283977
0.283691
0.283448
0.283167
0.282885
0.282569
0.282335
0.282019
0.281748
0.281437
0.281214
0.280904
0.280558
0.280299
0.280041
0.279743
0.279404
0.279109
0.278819
0.278570
0.278241
0.277914
0.277672
0.277305
0.277027
0.276708
0.276474
0.276076
0.275846
0.275452
0.275183
0.274835
0.274572
0.274226
0.273927
0.273583
0.273288
0.272950
0.272617
0.272324
0.271994
0.271664
0.271295
0.271013
0.270689
0.270326
0.270006
0.269647
0.269332
0.268977
0.268664
0.268313
0.267964
0.267615
0.267269
0.266966
0.266584
0.266242
0.265862
0.265567
0.265189
0.264814
0.264484
0.264071
0.263784
0.263417
0.263008
0.262686
0.262283
0.261963
0.261562
0.261163
0.260890
0.260454
0.260059
0.259709
0.259318
0.258970
0.258584
0.258156
0.257855
0.257390
0.257051
0.256630
0.256252
0.255917
0.255419
0.255128
0.254674
0.254304
0.253894
0.253485
0.253120
0.252715
0.252229
0.251907
0.251466
0.251067
0.250668
0.250231
0.249835
0.249441
0.248966
0.248574
0.248184
0.247715
0.247325
0.246899
0.246432
0.246048
0.245584
0.245201
0.244741
0.244281
0.243862
0.243483
0.242948
0.242572
0.242116
0.241626
0.241251
0.240760
0.240310
0.239900
0.239414
0.238965
0.238519
0.237996
0.237629
0.237108
0.236665
0.236222
0.235704
0.235302
0.234785
0.234308
0.233871
0.233392
0.232882
0.232406
0.231969
0.231497
0.230949
0.230513
0.230006
0.229498
0.229027
0.228557
0.228049
0.227582
0.227039
0.226572
0.226030
0.225564
0.225058
0.224523
0.224090
0.223512
0.223016
0.222510
0.222012
0.221470
0.220972
0.220437
0.219933
0.219399
0.218864
0.218328
0.217830
0.217290
0.216792
0.216221
0.215653
0.215157
0.214615
0.214119
0.213481
0.213014
0.212448
0.211908
0.211343
0.210810
0.210204
0.209702
0.209134
0.208568
0.208026
0.207429
0.206890
0.206355
0.205717
0.205181
0.205181
0.205181
0.204644
0.204042
0.203440
0.202839
0.202237
0.201635
0.201034
0.200433
0.199832
0.199231
0.198631
0.198030
0.197430
0.196830
0.196230
0.195631
0.195031
0.194432
0.193833
0.193234
0.192636
0.192037
0.191439
0.190841
0.190244
0.189647
0.189050
0.188453
0.187856
0.187260
0.186664
0.186068
0.185473
0.184877
0.184283
0.183688
0.183094
0.182500
0.181906
0.181312
0.180719
0.180127
0.179534
0.178942
0.178350
0.177758
0.177167
0.176576
0.175986
0.175395
0.174805
0.174216
0.173627
0.173038
0.172449
0.171861
0.171273
0.170686
0.170099
0.169512
0.168925
0.168339
0.167754
0.167168
0.166583
0.165999
0.165415
0.164831
0.164247
0.163664
0.163082
0.162499
0.161918
0.161336
0.160755
0.160174
0.159594
0.159014
0.158434
0.157855
0.157277
0.156698
0.156120
0.155543
0.154966
0.154389
0.153813
0.153237
0.152662
0.152087
0.151512
0.150938
0.150364
0.149791
0.149218
0.148646
0.148074
0.147502
0.146931
0.146360
0.145790
0.145220
0.144650
0.144081
0.143513
0.142945
0.142377
0.141810
0.141243
0.140677
0.140111
0.139545
0.138980
0.138415
0.137851
0.137287
0.136724
0.136161
0.135599
0.135037
0.134475
0.133914
0.133354
0.132794
0.132234
0.131675
0.131116
0.130557
0.129999
0.129442
0.128885
0.128328
0.127772
0.127216
0.126661
0.126106
0.125552
0.124998
0.124445
0.123892
0.123339
0.122787
0.122235
0.121684
0.121133
0.120583
0.120033
0.119484
0.118935
0.118386
0.117838
0.117291
0.116744
0.116197
0.115650
0.115105
0.114559
0.114014
0.113470
0.112926
0.112382
0.111839
0.111296
0.110754
0.110212
0.109671
0.109130
0.108589
0.108049
0.107509
0.106970
0.106431
0.105893
0.105355
0.104817
0.104280
0.103744
0.103207
0.102672
0.102136
0.101601
0.101067
0.100533
0.099999
0.099466
0.098933
0.098400
0.097868
0.097337
0.096806
0.096275
0.095745
0.095215
0.094685
0.094156
0.093627
0.093099
0.092571
0.092044
0.091517
0.090990
0.090464
0.089938
0.089413
0.088888
0.088363
0.087839
0.087315
0.086791
0.086268
0.085745
0.085223
0.084701
0.084180
0.083659
0.083138
0.082617
0.082097
0.081578
0.081058
0.080540
0.080021
0.079503
0.078985
0.078468
0.077951
0.077434
0.076918
0.076402
0.075886
0.075371
0.074856
0.074341
0.073827
0.073313
0.072800
0.072287
0.071774
0.071261
0.070749
0.070237
0.069726
0.069215
0.068704
0.068194
0.067684
0.067174
0.066664
0.066155
0.065646
0.065138
0.064630
0.064122
0.063614
0.063107
0.062600
0.062093
0.061587
0.061081
0.060575
0.060070
0.059565
0.059060
0.058556
0.058051
0.057547
0.057044
0.056540
0.056037
0.055534
0.055032
0.054530
0.054028
0.053526
0.053024
0.052523
0.052022
0.051522
0.051021
0.050521
0.050021
0.049522
0.049022
0.048523
0.048024
0.047526
0.047027
0.046529
0.046031
0.045534
0.045036
0.044539
0.044042
0.043545
0.043049
0.042552
0.042056
0.041560
0.041065
0.040569
0.040074
0.039579
0.039084
0.038590
0.038095
0.037601
0.037107
0.036613
0.036120
0.035626
0.035133
0.034640
0.034147
0.033654
0.033162
0.032669
0.032177
0.031685
0.031193
0.030702
0.030210
0.029719
0.029228
0.028736
0.028246
0.027755
0.027264
0.026774
0.026283
0.025793
0.025303
0.024813
0.024324
0.023834
0.023344
0.022855
0.022366
0.021877
0.021388
0.020899
0.020410
0.019921
0.019433
0.018944
0.018456
0.017968
0.017479
0.016991
0.016503
0.016015
0.015528
0.015040
0.014552
0.014065
0.013577
0.013090
0.012602
0.012115
0.011628
0.011141
0.010654
0.010167
0.009680
0.009193
0.008706
0.008219
0.007732
0.007246
0.006759
0.006272
0.005786
0.005299
0.004813
0.004326
0.003840
0.003353
0.002867
0.002380
0.001894
0.001408
0.000921
0.000435
-0.000052
-0.000538
-0.001024
-0.001511
-0.001997
-0.002483
-0.002970
-0.003456
-0.003943
-0.004429
-0.004916
-0.005402
-0.005889
-0.006375
-0.006862
-0.007348
-0.007835
-0.008322
-0.008808
-0.009295
-0.009782
-0.010269
-0.010756
-0.011243
-0.011730
-0.012217
-0.012704
-0.013191
-0.013679
-0.014166
-0.014653
-0.015141
-0.015628
-0.016116
-0.016604
-0.017092
-0.017580
-0.018068
-0.018556
-0.019044
-0.019532
-0.020021
-0.020509
-0.020998
-0.021486
-0.021975
-0.022464
-0.022953
-0.023442
-0.023932
-0.024421
-0.024910
-0.025400
-0.025890
-0.026380
-0.026870
-0.027360
-0.027850
-0.028341
-0.028832
-0.029322
-0.029813
-0.030304
-0.030796
-0.031287
-0.031779
-0.032270
-0.032762
-0.033254
-0.033746
-0.034239
-0.034731
-0.035224
-0.035717
-0.036210
-0.036703
-0.037197
-0.037691
-0.038184
-0.038679
-0.039173
-0.039667
-0.040162
-0.040657
-0.041152
-0.041647
-0.042143
-0.042638
-0.043134
-0.043630
-0.044127
-0.044623
-0.045120
-0.045617
-0.046114
-0.046612
-0.047110
-0.047607
-0.048106
-0.048604
-0.049103
-0.049602
-0.050101
-0.050600
-0.051100
-0.051600
-0.052100
-0.052601
-0.053101
-0.053602
-0.054103
-0.054605
-0.055107
-0.055609
-0.056111
-0.056614
-0.057117
-0.057620
-0.058123
-0.058627
-0.059131
-0.059635
-0.060140
-0.060645
-0.061150
-0.061655
-0.062161
-0.062667
-0.063174
-0.063680
-0.064187
-0.064695
-0.065202
-0.065710
-0.066218
-0.066727
-0.067236
-0.067745
-0.068255
-0.068764
-0.069275
-0.069785
-0.070296
-0.070807
-0.071319
-0.071831
-0.072343
-0.072855
-0.073368
-0.073881
-0.074395
-0.074909
-0.075423
-0.075938
-0.076453
-0.076968
-0.077484
-0.078000
-0.078516
-0.079033
-0.079550
-0.080068
-0.080585
-0.081104
-0.081622
-0.082141
-0.082661
-0.083180
-0.083700
-0.084221
-0.084742
-0.085263
-0.085785
-0.086307
-0.086829
-0.087352
-0.087875
-0.088399
-0.088923
-0.089447
-0.089972
-0.090497
-0.091022
-0.091548
-0.092075
-0.092601
-0.093129
-0.093656
-0.094184
-0.094712
-0.095241
-0.095770
-0.096300
-0.096830
-0.097360
-0.097891
-0.098423
-0.098954
-0.099486
-0.100019
-0.100552
-0.101085
-0.101619
-0.102153
-0.102688
-0.103223
-0.103758
-0.104294
-0.104830
-0.105367
-0.105904
-0.106442
-0.106980
-0.107519
-0.108057
-0.108597
-0.109137
-0.109677
-0.110217
-0.110759
-0.111300
-0.111842
-0.112385
-0.112927
-0.113471
-0.114014
-0.114559
-0.115103
-0.115648
-0.116194
-0.116740
-0.117286
-0.117833
-0.118380
-0.118928
-0.119476
-0.120025
-0.120574
-0.121124
-0.121674
-0.122224
-0.122775
-0.123326
-0.123878
-0.124430
-0.124983
-0.125536
-0.126090
-0.126644
-0.127198
-0.127753
-0.128308
-0.128864
-0.129420
-0.129977
-0.130534
-0.131092
-0.131650
-0.132209
-0.132768
-0.133327
-0.133887
-0.134447
-0.135008
-0.135569
-0.136131
-0.136693
-0.137255
-0.137818
-0.138382
-0.138946
-0.139510
-0.140075
-0.140640
-0.141206
-0.141772
-0.142338
-0.142905
-0.143473
-0.144041
-0.144609
-0.145178
-0.145747
-0.146316
-0.146887
-0.147457
-0.148028
-0.148599
-0.149171
-0.149743
-0.150316
-0.150889
-0.151462
-0.152036
-0.152611
-0.153185
-0.153761
-0.154336
-0.154912
-0.155489
-0.156065
-0.156643
-0.157220
-0.157798
-0.158377
-0.158956
-0.159535
-0.160115
-0.160695
-0.161275
-0.161856
-0.162438
-0.163019
-0.163601
-0.164184
-0.164767
-0.165350
-0.165934
-0.166518
-0.167102
-0.167687
-0.168272
-0.168857
-0.169443
-0.170030
-0.170616
-0.171203
-0.171791
-0.172378
-0.172966
-0.173555
-0.174143
-0.174733
-0.175322
-0.175912
-0.176502
-0.177092
-0.177683
-0.178274
-0.178866
-0.179458
-0.180050
-0.180642
-0.181235
-0.181828
-0.182422
-0.183015
-0.183609
-0.184203
-0.184798
-0.185393
-0.185988
-0.186584
-0.187179
-0.187775
-0.188372
-0.188968
-0.189565
-0.190162
-0.190759
-0.191357
-0.191955
-0.192553
-0.193151
-0.193750
-0.194349
-0.194948
-0.195547
-0.196146
-0.196746
-0.197346
-0.197946
-0.198547
-0.199147
-0.199748
-0.200349
-0.200950
-0.201551
-0.202153
-0.202754
-0.203356
-0.203958
-0.204560
-0.205162
-0.205765
-0.206367
-0.206970
-0.207573
-0.208176
-0.208779
-0.209382
-0.209986
-0.210589
-0.211192
-0.211796
-0.212400
-0.213004
-0.213607
-0.214211
-0.214815
-0.215419
-0.216023
-0.216628
-0.217232
-0.217836
-0.218440
-0.219045
-0.219649
-0.220253
-0.220857
-0.221462
-0.222066
-0.222670
-0.223274
-0.223879
-0.224483
-0.225087
-0.225691
-0.226295
-0.226899
-0.227503
-0.228107
-0.228711
-0.229314
-0.229918
-0.230521
-0.231125
-0.231728
-0.232331
-0.232934
-0.233537
-0.234139
-0.234742
-0.235344
-0.235946
-0.236548
-0.237150
-0.237752
-0.238353
-0.238954
-0.239555
-0.240156
-0.240756
-0.241357
-0.241957
-0.242556
-0.243156
-0.243755
-0.244354
-0.244953
-0.245551
-0.246149
-0.246746
-0.247344
-0.247941
-0.248537
-0.249134
-0.249730
-0.250325
-0.250920
-0.251515
-0.252110
-0.252704
-0.253297
-0.253890
-0.254483
-0.255075
-0.255667
-0.256258
-0.256849
-0.257439
-0.258029
-0.258619
-0.259207
-0.259796
-0.260383
-0.260971
-0.261557
-0.262143
-0.262729
-0.263314
-0.263898
-0.264482
-0.265065
-0.265648
-0.266229
-0.266811
-0.267391
-0.267971
-0.268550
-0.269129
-0.269707
-0.270284
-0.270860
-0.271436
-0.272011
-0.272585
-0.273158
-0.273731
-0.274303
-0.274874
-0.275444
-0.276013
-0.276582
-0.277150
-0.277717
-0.278283
-0.278848
-0.279412
-0.279975
-0.280538
-0.281099
-0.281660
-0.282220
-0.282778
-0.283336
-0.283893
-0.284449
-0.285003
-0.285557
-0.286110
-0.286661
-0.287212
-0.287762
-0.288310
-0.288857
-0.289404
-0.289949
-0.290493
-0.291036
-0.291578
-0.292118
-0.292658
-0.293196
-0.293733
-0.294269
-0.294803
-0.295337
-0.295869
-0.296400
-0.296929
-0.297458
-0.297985
-0.298511
-0.299035
-0.299558
-0.300080
-0.300600
-0.301119
-0.301637
-0.302153
-0.302668
-0.303181
-0.303693
-0.304203
-0.304713
-0.305220
-0.305726
-0.306231
-0.306734
-0.307235
-0.307735
-0.308234
-0.308731
-0.309226
-0.309720
-0.310212
-0.310702
-0.311191
-0.311678
-0.312164
-0.312648
-0.313130
-0.313610
-0.314089
-0.314566
-0.315042
-0.315515
-0.315987
-0.316457
-0.316926
-0.317392
-0.317857
-0.318320
-0.318781
-0.319240
-0.319697
-0.320153
-0.320606
-0.321058
-0.321508
-0.321956
-0.322401
-0.322845
-0.323287
-0.323727
-0.324165
-0.324601
-0.325035
-0.325467
-0.325897
-0.326325
-0.326751
-0.327174
-0.327596
-0.328016
-0.328433
-0.328848
-0.329261
-0.329672
-0.330081
-0.330488
-0.330892
-0.331294
-0.331694
-0.332092
-0.332488
